8.9423436e-01,8.4419560e+00,4.5549690e+00,1.0299556e+00,8.4976210e+00,4.7852610e+00,1.3162194e-01,1.9768910e-02,4.3998618e-02,-1.3572131e-01,-5.5665190e-02,-2.3029228e-01,-2.6787079e+01,2.2247887e+00,-2.5958600e+01,4.2130515e-01,-2.8021654e-01,-3.8778222e-01,7.7045804e-01
8.6670100e-01,7.9607205e+00,4.6387660e+00,1.0574889e+00,8.5462520e+00,4.6915880e+00,9.8592356e-02,1.9761720e-02,7.8029290e-02,-1.9078794e-01,-5.8553195e-01,-5.2822076e-02,-2.6626236e+01,1.1141903e+00,-2.5635757e+01,4.2555976e-01,-2.8229466e-01,-3.8368730e-01,7.6941060e-01
1.0534488e+00,8.3186540e+00,4.5980644e+00,1.0948983e+00,8.5552310e+00,4.6665983e+00,-2.6077672e-03,-6.8655230e-02,2.2635538e-02,-4.1449618e-02,-2.3657705e-01,-6.8534024e-02,-2.6775404e+01,1.6525726e+00,-2.5270449e+01,4.2536550e-01,-2.8483130e-01,-3.8348340e-01,7.6868450e-01
1.1037270e+00,8.6873610e+00,4.5741224e+00,1.1281179e+00,8.5498440e+00,4.6683940e+00,-2.6077672e-03,-5.2676260e-02,4.5260424e-03,-2.4390930e-02,1.3751696e-01,-9.4271690e-02,-2.6400076e+01,1.3036244e+00,-2.6424112e+01,4.2365947e-01,-2.8720060e-01,-3.8488188e-01,7.6804584e-01
1.0426749e+00,8.0756430e+00,4.4568067e+00,1.1489176e+00,8.5598700e+00,4.6452003e+00,-1.7521469e-02,5.2784916e-02,7.1637700e-02,-1.0624270e-01,-4.8422730e-01,-1.8839374e-01,-2.7137327e+01,9.2730670e-01,-2.5600788e+01,4.2447552e-01,-2.8806344e-01,-3.8323580e-01,7.6809530e-01
1.3515269e+00,8.3461880e+00,4.6016555e+00,1.1848305e+00,8.5221610e+00,4.7052050e+00,-3.0304642e-02,3.3610158e-02,2.4766067e-02,1.6669630e-01,-1.7597382e-01,-1.0354923e-01,-2.6384010e+01,2.2913344e+00,-2.6417023e+01,4.2192274e-01,-2.8650007e-01,-3.8060920e-01,7.7138550e-01
1.5490485e+00,8.3449900e+00,4.7692500e+00,1.1882722e+00,8.5124350e+00,4.7216650e+00,1.6562998e-02,5.8269966e-04,1.7275393e-02,3.6077628e-01,-1.6744448e-01,4.7584757e-02,-2.5860641e+01,1.9298819e+00,-2.6221449e+01,4.2160374e-01,-2.8549397e-01,-3.7940976e-01,7.7252287e-01
1.3287820e+00,7.9463553e+00,4.6136265e+00,1.2105682e+00,8.5333830e+00,4.6781206e+00,4.6390403e-02,-2.8179440e-02,-2.5335183e-02,1.1821371e-01,-5.8702830e-01,-6.4493805e-02,-2.6042760e+01,1.7188917e+00,-2.5189920e+01,4.2256215e-01,-2.8796044e-01,-3.7939450e-01,7.7109010e-01
1.1408371e+00,8.7927060e+00,4.5226470e+00,1.1710639e+00,8.5627130e+00,4.6344260e+00,9.5392560e-02,-3.9897350e-02,-6.7945760e-02,-3.0226797e-02,2.2999300e-01,-1.1177930e-01,-2.6058420e+01,1.9904261e+00,-2.5557917e+01,4.2462810e-01,-2.8878990e-01,-3.8195083e-01,7.6837810e-01
9.9000240e-01,8.4910360e+00,4.2652700e+00,1.1616367e+00,8.6759880e+00,4.4211926e+00,2.9672754e-01,-3.9897350e-02,-1.0421482e-02,-1.7163433e-01,-1.8495208e-01,-1.5592238e-01,-2.5652271e+01,4.1954875e+00,-3.0620420e+01,4.3337104e-01,-2.9455996e-01,-3.8106292e-01,7.6171845e-01
1.8423382e+00,8.3545670e+00,3.8462850e+00,1.1092635e+00,8.7334490e+00,4.3201870e+00,-6.4397100e-02,1.0604387e-01,-1.0309949e-01,7.3307460e-01,-3.7888240e-01,-4.7390230e-01,-2.5818860e+01,4.1423287e+00,-3.3856070e+01,4.3948130e-01,-2.9424927e-01,-3.7954244e-01,7.5909233e-01
1.5334862e+00,7.6997530e+00,4.5130700e+00,1.0356419e+00,8.7003790e+00,4.4044333e+00,-5.8009240e-02,-3.5640553e-02,-1.6846891e-02,4.9784430e-01,-1.0006267e+00,1.0863690e-01,-2.5234459e+01,2.9541526e+00,-3.3151450e+01,4.3738360e-01,-2.9005218e-01,-3.8328207e-01,7.6003970e-01
8.7268650e-01,8.6921490e+00,4.4603977e+00,1.0091560e+00,8.6635685e+00,4.4825440e+00,-7.6118740e-02,7.9408005e-02,1.5111042e-02,-1.3646950e-01,2.8580783e-02,-2.2146367e-02,-2.6248987e+01,1.9496140e+00,-3.4529770e+01,4.3464977e-01,-2.8728000e-01,-3.8508976e-01,7.6174520e-01
1.1994951e+00,8.5496940e+00,4.5609540e+00,1.0118495e+00,8.6266080e+00,4.5525746e+00,-7.5053470e-02,3.7862692e-02,3.8546860e-02,1.8764555e-01,-7.6913730e-02,8.3797060e-03,-2.5258999e+01,2.6636440e+00,-3.3970295e+01,4.3253314e-01,-2.8424448e-01,-3.8340846e-01,7.6493010e-01
8.8585460e-01,8.5329350e+00,4.3945570e+00,1.0749966e+00,8.5906950e+00,4.6056957e+00,-7.2922945e-02,-9.8491155e-02,-1.9331886e-03,-1.8914193e-01,-5.7760116e-02,-2.6740240e-01,-2.6024277e+01,3.6464930e+00,-3.2632565e+01,4.2817280e-01,-2.8607824e-01,-3.8403326e-01,7.6638490e-01
1.0654198e+00,7.9882540e+00,4.6004586e+00,1.1195886e+00,8.5730380e+00,4.6279917e+00,-1.9659722e-02,-6.8784123e-03,1.1418063e-01,-5.4168813e-02,-5.8478380e-01,-2.7533319e-02,-2.5763504e+01,4.2765317e+00,-3.3328938e+01,4.2609835e-01,-2.8718755e-01,-3.8330300e-01,7.6749090e-01
1.3096284e+00,8.1642275e+00,4.7441106e+00,1.2512697e+00,8.5235080e+00,4.6854530e+00,-5.9080895e-02,-5.6952763e-02,1.2903868e-01,5.8358666e-02,-3.5927990e-01,5.8657940e-02,-2.6176947e+01,3.8745713e+00,-3.2694830e+01,4.2062324e-01,-2.9014042e-01,-3.8013150e-01,7.7097000e-01
5.3270990e-01,7.9283990e+00,4.9715600e+00,1.2856863e+00,8.4705360e+00,4.7713447e+00,-9.1038830e-02,-6.8670675e-02,-2.1163609e-02,-7.5297640e-01,-5.4213700e-01,2.0021512e-01,-2.5719578e+01,3.7703469e+00,-3.3203970e+01,4.1513294e-01,-2.9049692e-01,-3.8268623e-01,7.7254593e-01
1.8507179e+00,9.2823200e+00,4.3742065e+00,1.3260884e+00,8.4738280e+00,4.7544355e+00,-2.3927170e-02,1.9746274e-02,4.4882786e-02,5.2462950e-01,8.0849200e-01,-3.8022915e-01,-2.5951800e+01,4.0710950e+00,-3.3447030e+01,4.1449850e-01,-2.9287940e-01,-3.8244230e-01,7.7210784e-01
1.3192052e+00,7.9990277e+00,4.6782703e+00,1.3715783e+00,8.4597620e+00,4.7664065e+00,-3.5645080e-02,3.5725240e-02,8.7493360e-02,-5.2373163e-02,-4.6073420e-01,-8.8136554e-02,-2.6366880e+01,3.5111423e+00,-3.2965000e+01,4.1336867e-01,-2.9343510e-01,-3.8002738e-01,7.7369330e-01
1.2940661e+00,8.0672630e+00,4.9320555e+00,1.3765163e+00,8.3972140e+00,4.8742950e+00,-1.0914832e-01,7.8335814e-02,9.1754420e-02,-8.2450320e-02,-3.2995093e-01,5.7760116e-02,-2.5909786e+01,4.3660030e+00,-3.2646920e+01,4.0971234e-01,-2.8915504e-01,-3.7794888e-01,7.7825420e-01
1.3108255e+00,7.9667063e+00,4.9907136e+00,1.4134768e+00,8.3408000e+00,4.9600377e+00,-3.4584343e-02,1.6319851e-03,1.5989272e-01,-1.0265140e-01,-3.7409400e-01,3.0675710e-02,-2.5824100e+01,4.6422873e+00,-3.2701910e+01,4.0561160e-01,-2.8737572e-01,-3.7626284e-01,7.8187000e-01
1.5023615e+00,7.9990277e+00,5.1116204e+00,1.4929343e+00,8.2989020e+00,5.0068740e+00,4.8304414e-03,1.4415158e-02,1.4710955e-01,9.4271690e-03,-2.9987377e-01,1.0474633e-01,-2.4140253e+01,5.1341780e+00,-3.2479347e+01,4.0245378e-01,-2.8766313e-01,-3.7219107e-01,7.8533727e-01
1.3371617e+00,7.5932107e+00,5.2444987e+00,1.6300025e+00,8.2595470e+00,5.0291705e+00,-4.7569380e-03,-3.0325947e-02,1.8865487e-01,-2.9284080e-01,-6.6633624e-01,2.1532851e-01,-2.4914997e+01,4.8034730e+00,-3.2392117e+01,3.9861430e-01,-2.9101280e-01,-3.6711250e-01,7.8844565e-01
2.2038627e+00,7.6123643e+00,5.0948610e+00,1.8821418e+00,8.2712180e+00,4.9206830e+00,3.0396787e-02,-8.0393374e-02,8.7454750e-02,3.2172084e-01,-6.5885437e-01,1.7417817e-01,-2.3246777e+01,8.2269470e+00,-3.3192204e+01,3.9679572e-01,-3.0276617e-01,-3.5968113e-01,7.8836244e-01
2.3918076e+00,7.9272017e+00,4.3251250e+00,1.9545664e+00,8.3014450e+00,4.8407764e+00,7.1942100e-02,2.7198331e-02,9.5976860e-02,4.3724108e-01,-3.7424365e-01,-5.1565117e-01,-2.2201923e+01,1.1956142e+01,-3.3847990e+01,3.9903486e-01,-3.0652000e-01,-3.5535598e-01,7.8774280e-01
2.2852654e+00,7.9559320e+00,5.0158525e+00,2.0560207e+00,8.2628390e+00,4.8648680e+00,-3.6930055e-03,-4.2045187e-02,1.7135045e-02,2.2924481e-01,-3.0690673e-01,1.5098435e-01,-2.1151209e+01,1.0969305e+01,-3.3819576e+01,3.9770788e-01,-3.0624405e-01,-3.4659004e-01,7.9241300e-01
2.2852654e+00,7.9559320e+00,5.0158525e+00,2.0560207e+00,8.2628390e+00,4.8648680e+00,-3.6930055e-03,-4.2045187e-02,1.7135045e-02,2.2924481e-01,-3.0690673e-01,1.5098435e-01,-2.1151209e+01,1.0969305e+01,-3.3819576e+01,3.9770788e-01,-3.0624405e-01,-3.4659004e-01,7.9241300e-01
1.8902222e+00,8.5329350e+00,4.6483426e+00,2.0712838e+00,8.2632880e+00,4.8575360e+00,2.5069134e-02,-8.3590500e-02,4.1636128e-02,-1.8106150e-01,2.6964697e-01,-2.0919338e-01,-2.1084032e+01,1.1287527e+01,-3.4106407e+01,3.9719567e-01,-3.0752137e-01,-3.4722510e-01,7.9189710e-01
1.9740193e+00,8.3713260e+00,4.4592010e+00,2.1250036e+00,8.2749600e+00,4.8142905e+00,3.6787044e-02,-1.5413578e-02,6.0810886e-02,-1.5098435e-01,9.6366620e-02,-3.5509005e-01,-2.1165514e+01,1.1414446e+01,-3.4409122e+01,3.9744200e-01,-3.1076570e-01,-3.4592846e-01,7.9107410e-01
2.1583729e+00,8.7196830e+00,4.4939165e+00,2.2058080e+00,8.3107230e+00,4.7152305e+00,6.6614450e-02,1.9740150e-02,3.7375070e-02,-4.7435120e-02,4.0895957e-01,-2.2131401e-01,-2.0576714e+01,1.2147629e+01,-3.6055607e+01,4.0070835e-01,-3.1467617e-01,-3.4004614e-01,7.9043055e-01
2.1655555e+00,7.7703815e+00,4.7369280e+00,2.2408233e+00,8.3286790e+00,4.6668980e+00,7.9391760e-02,4.9561160e-02,1.6019180e-02,-7.5267720e-02,-5.5829793e-01,7.0030400e-02,-1.8440720e+01,1.2798992e+01,-3.7978146e+01,4.0310153e-01,-3.1552570e-01,-3.3555773e-01,7.9079310e-01
2.5330653e+00,7.8422074e+00,4.0378213e+00,2.2378304e+00,8.3147630e+00,4.6930842e+00,-1.1022530e-01,-2.8203143e-02,-7.4528300e-02,2.9523500e-01,-4.7255555e-01,-6.5526307e-01,-1.9207900e+01,1.2422275e+01,-3.8257120e+01,4.0148370e-01,-3.1548163e-01,-3.3728826e-01,7.9089740e-01
2.4648306e+00,8.5257520e+00,4.4711720e+00,2.1657050e+00,8.2243820e+00,4.8825254e+00,-2.4231810e-01,3.3582196e-02,-1.0612431e-02,2.9912558e-01,3.0137014e-01,-4.1135377e-01,-1.9173443e+01,1.1965532e+01,-3.7725685e+01,3.9440430e-01,-3.0903980e-01,-3.4269136e-01,7.9467130e-01
1.4137762e+00,8.0433210e+00,5.2026005e+00,2.0919337e+00,8.1643770e+00,5.0136080e+00,-1.2300848e-01,9.4302270e-02,-5.3223006e-02,-6.7815760e-01,-1.2105683e-01,1.8899229e-01,-1.8236012e+01,1.3194864e+01,-3.6877872e+01,3.9053753e-01,-3.0307853e-01,-3.4580280e-01,7.9752386e-01
2.3283610e+00,8.1797905e+00,5.1918263e+00,2.0373160e+00,8.1766480e+00,5.0158525e+00,1.5182975e-01,1.2626020e-01,7.0347670e-02,2.9104513e-01,3.1423897e-03,1.7597382e-01,-1.8542671e+01,1.4292210e+01,-3.7380413e+01,3.9408520e-01,-2.9824936e-01,-3.4146010e-01,7.9946804e-01
2.0614076e+00,8.0900080e+00,4.7201686e+00,2.0543747e+00,8.2523640e+00,4.8831240e+00,1.8485187e-01,4.2103246e-02,1.0016548e-01,7.0329676e-03,-1.6235681e-01,-1.6295536e-01,-1.5099078e+01,1.4244474e+01,-3.8682182e+01,4.0157756e-01,-2.9959777e-01,-3.3461156e-01,7.9813030e-01
1.9716251e+00,7.6973586e+00,4.4244847e+00,2.1110873e+00,8.2995000e+00,4.7782280e+00,7.5129636e-02,8.1518030e-02,8.9512840e-02,-1.3946225e-01,-6.0214174e-01,-3.5374330e-01,-1.4853202e+01,1.3500101e+01,-3.9490500e+01,4.0652937e-01,-3.0184647e-01,-3.2752670e-01,7.9771477e-01
2.2122424e+00,8.9986070e+00,4.5872903e+00,2.1603181e+00,8.2878280e+00,4.7764325e+00,-1.3579272e-01,3.8907453e-02,-5.5363122e-02,5.1924250e-02,7.1077865e-01,-1.8914193e-01,-1.3403636e+01,1.3011959e+01,-4.1471863e+01,4.0673100e-01,-3.0172676e-01,-3.2244048e-01,7.9972670e-01
1.9057846e+00,8.3330190e+00,4.7201686e+00,2.1456537e+00,8.2703210e+00,4.8130937e+00,-6.1224207e-02,1.9732691e-02,-4.2579950e-02,-2.3986909e-01,6.2698156e-02,-9.2924950e-02,-1.0996206e+01,1.2963712e+01,-4.3375004e+01,4.0545598e-01,-3.0033302e-01,-3.2320264e-01,8.0059090e-01
1.8806454e+00,8.5508910e+00,4.3885717e+00,2.1663036e+00,8.2577510e+00,4.8253640e+00,-5.9093680e-02,-6.3357934e-02,-4.2304313e-03,-2.8565818e-01,2.9314008e-01,-4.3679217e-01,-1.1287424e+01,1.3202216e+01,-4.4121280e+01,4.0430728e-01,-3.0084255e-01,-3.2290232e-01,8.0110140e-01
2.0889410e+00,7.3932950e+00,4.3095630e+00,2.1754315e+00,8.1443260e+00,5.0106153e+00,-3.9039730e-01,8.6837160e-02,4.0452620e-02,-8.6490534e-02,-7.5103116e-01,-7.0105220e-01,-1.1718085e+01,1.3436830e+01,-4.3886440e+01,3.9592782e-01,-2.9625174e-01,-3.2349536e-01,8.0673840e-01
2.1883004e+00,8.1941560e+00,5.0697220e+00,2.0872950e+00,7.8272440e+00,5.5268650e+00,-6.6523550e-01,2.5301840e-01,9.6911630e-02,1.0100538e-01,3.6691140e-01,-4.5714290e-01,-1.1102439e+01,1.4283591e+01,-4.3183860e+01,3.7490830e-01,-2.7865955e-01,-3.2678232e-01,8.2158756e-01
2.2673090e+00,7.9092455e+00,6.1997850e+00,2.1899464e+00,7.5549035e+00,5.8562174e+00,-2.2208554e-01,-1.0917149e-01,1.6721909e-01,7.7362640e-02,3.5434186e-01,3.4356794e-01,-9.6653410e+00,1.6323671e+01,-4.1552400e+01,3.5588664e-01,-2.7341400e-01,-3.2560000e-01,8.3221040e-01
2.1344310e+00,7.3442135e+00,5.7736173e+00,2.3485622e+00,7.4266640e+00,5.9579710e+00,-1.0916750e-01,-1.2232431e-02,2.0450334e-01,-2.1413141e-01,-8.2450320e-02,-1.8435353e-01,-9.5302310e+00,1.8383574e+01,-4.0688470e+01,3.4620225e-01,-2.7634418e-01,-3.2200100e-01,8.3671576e-01
2.7293900e+00,6.7540430e+00,6.0226145e+00,2.4806921e+00,7.3421187e+00,6.0089974e+00,-5.5904277e-02,3.3573940e-02,1.4058748e-01,2.4869770e-01,-5.8807580e-01,1.3617022e-02,-9.4290780e+00,1.8402443e+01,-4.0834805e+01,3.4175217e-01,-2.7718464e-01,-3.1265214e-01,8.4179730e-01
2.1655555e+00,6.5960255e+00,5.8430490e+00,2.6244940e+00,7.2197150e+00,6.0954880e+00,-1.7734869e-01,-3.9933834e-02,1.7037866e-01,-4.5893854e-01,-6.2368953e-01,-2.5243863e-01,-7.8936830e+00,1.7284935e+01,-4.0736850e+01,3.3382103e-01,-2.7888063e-01,-3.0647475e-01,8.4667730e-01
2.4265234e+00,6.1351420e+00,6.4763155e+00,2.7587190e+00,6.8953010e+00,6.4040410e+00,-4.7455746e-01,3.6765207e-02,2.0020606e-01,-3.3219550e-01,-7.6015900e-01,7.2274960e-02,-7.5576810e+00,1.8082623e+01,-4.1176895e+01,3.1344050e-01,-2.7428700e-01,-3.0171510e-01,8.5760700e-01
2.6958710e+00,6.7061590e+00,7.1215530e+00,2.8350341e+00,6.5969234e+00,6.6792240e+00,-3.2968150e-01,-8.5740200e-02,4.1481663e-02,-1.3916297e-01,1.0923545e-01,4.4232875e-01,-6.9956684e+00,2.0056198e+01,-3.9130142e+01,2.9458000e-01,-2.6958385e-01,-3.0162042e-01,8.6577845e-01
2.6479871e+00,6.7193270e+00,6.6977790e+00,2.9704561e+00,6.4818520e+00,6.7327943e+00,-2.5015870e-02,-7.9348620e-02,1.7144392e-01,-3.2246906e-01,2.3747487e-01,-3.5015200e-02,-6.9023175e+00,2.0494682e+01,-3.7692497e+01,2.8672290e-01,-2.7296254e-01,-2.9852290e-01,8.6842704e-01
3.4835634e+00,6.3566055e+00,6.8569937e+00,3.0942063e+00,6.4457893e+00,6.7115460e+00,1.3903485e-01,4.8483115e-02,1.8316182e-01,3.8935706e-01,-8.9184016e-02,1.4544775e-01,-6.2869650e+00,2.1014990e+01,-3.7198174e+01,2.8586823e-01,-2.7582797e-01,-2.8865695e-01,8.7113460e-01
3.5266590e+00,6.4595560e+00,6.5996170e+00,3.2263365e+00,6.5258455e+00,6.5704374e+00,2.8710154e-01,-7.0831830e-02,2.0132698e-02,3.0032268e-01,-6.6289460e-02,2.9179333e-02,-5.7459720e+00,2.0613932e+01,-3.7880695e+01,2.9128602e-01,-2.8310403e-01,-2.8049996e-01,8.6966914e-01
3.7217865e+00,7.5944076e+00,6.7336920e+00,3.2441432e+00,6.8852754e+00,6.1836243e+00,8.4103906e-01,-1.0598555e-01,-9.2785330e-02,4.7764325e-01,7.0913260e-01,5.5006784e-01,-6.1238866e+00,1.8557827e+01,-3.8927055e+01,3.1375206e-01,-2.9373047e-01,-2.7727267e-01,8.5930324e-01
3.4225113e+00,7.0700774e+00,5.7544637e+00,3.1739633e+00,7.5478706e+00,5.3966804e+00,1.1765974e+00,-1.7948880e-01,-3.4951407e-01,2.4854806e-01,-4.7779290e-01,3.5778353e-01,-5.8846307e+00,1.7040403e+01,-4.0520084e+01,3.5804660e-01,-3.1087240e-01,-2.7438414e-01,8.3658500e-01
3.1088710e+00,6.8486137e+00,4.2257660e+00,2.9535470e+00,8.1316070e+00,4.6175175e+00,6.8551046e-01,-2.4979626e-01,-4.9225950e-01,1.5532383e-01,-1.2829928e+00,-3.9175126e-01,-7.5935220e+00,1.2817730e+01,-4.2726790e+01,3.9923600e-01,-3.2431883e-01,-2.8098136e-01,8.1023300e-01
9.7444010e-01,7.4926543e+00,4.2030210e+00,2.6831520e+00,8.4696380e+00,4.1513963e+00,3.4888688e-01,-2.0185935e-01,-2.6855397e-01,-1.7087119e+00,-9.7698390e-01,5.1624972e-02,-9.4460910e+00,1.1409119e+01,-4.4790073e+01,4.2318684e-01,-3.3052173e-01,-2.9422313e-01,7.9063330e-01
2.1978772e+00,8.8094650e+00,3.5613751e+00,2.4537575e+00,8.7401830e+00,3.7090673e+00,4.8736780e-01,-1.6564436e-01,-3.2078335e-01,-2.5588030e-01,6.9282210e-02,-1.4769232e-01,-1.0731732e+01,1.0305842e+01,-4.5452340e+01,4.4416085e-01,-3.3705850e-01,-3.0440348e-01,7.7230257e-01
2.4648306e+00,8.9184020e+00,3.1555579e+00,2.2387283e+00,8.9950160e+00,3.2010477e+00,5.8324160e-01,-1.4540434e-01,-2.8882542e-01,1.3317747e-01,-2.1847090e-02,1.3766659e-02,-1.0958301e+01,8.5771640e+00,-4.5232994e+01,4.6795171e-01,-3.4323870e-01,-3.0879760e-01,7.5355977e-01
2.2397757e+00,9.1470480e+00,2.3618800e+00,2.0214543e+00,9.2769330e+00,2.4533086e+00,7.8777236e-01,-2.7856240e-01,-4.0493923e-01,2.1832126e-01,-1.2988544e-01,-9.1428580e-02,-1.3113265e+01,6.1237936e+00,-4.6159702e+01,4.9780180e-01,-3.5651338e-01,-3.1293496e-01,7.2606010e-01
1.3922282e+00,8.5772280e+00,1.3646950e+00,1.7793407e+00,9.5147080e+00,1.5723920e+00,6.5887535e-01,-3.5845720e-01,-3.8469920e-01,-3.8711250e-01,-9.3747960e-01,-2.0769700e-01,-1.3487396e+01,3.1821208e+00,-4.6210922e+01,5.2949640e-01,-3.7344542e-01,-3.1710285e-01,6.9254446e-01
1.4233530e+00,8.8393930e+00,4.5968673e-01,1.5411177e+00,9.6272340e+00,1.0532991e+00,2.0187692e-01,-2.9347607e-01,-3.1439176e-01,-1.1776479e-01,-7.8784200e-01,-5.9361240e-01,-1.4907277e+01,1.3202846e+00,-4.7074730e+01,5.4634225e-01,-3.8444912e-01,-3.2664418e-01,6.6859000e-01
1.1767502e+00,9.2954880e+00,6.5481420e-01,1.2244846e+00,9.6891840e+00,8.8899700e-01,5.9129100e-02,-4.0959257e-01,-4.2200503e-01,-4.7734395e-02,-3.9369655e-01,-2.3418285e-01,-1.6292868e+01,-1.1894507e+00,-4.7416134e+01,5.5146990e-01,-3.8801290e-01,-3.4585210e-01,6.5246710e-01
7.4100540e-01,9.4834330e+00,8.9303726e-01,8.4350720e-01,9.7337770e+00,8.4350720e-01,5.1672250e-02,-5.5872960e-01,-3.6448076e-01,-1.0250176e-01,-2.5034370e-01,4.9530048e-02,-1.8996378e+01,-5.9589760e-01,-4.7121530e+01,5.5073386e-01,-3.9202234e-01,-3.7389928e-01,6.3498820e-01
4.4532153e-01,9.7922850e+00,6.5002580e-01,6.1516020e-01,9.7548750e+00,7.9517424e-01,7.9964070e-03,-5.9601384e-01,-2.2919217e-01,-1.6983868e-01,3.7409402e-02,-1.4514847e-01,-2.0714480e+01,-1.1025164e+00,-4.6900536e+01,5.4575410e-01,-4.0200552e-01,-3.9791802e-01,6.1822766e-01
4.9919105e-01,1.0199299e+01,7.5896190e-01,4.9395373e-01,9.7668470e+00,7.3112935e-01,7.5108066e-02,-8.1439304e-01,-1.7060263e-01,5.2373162e-03,4.3245268e-01,2.7832596e-02,-2.2784080e+01,-1.2567266e+00,-4.6981144e+01,5.3644496e-01,-4.1826920e-01,-4.2092896e-01,6.0008050e-01
-2.6096800e-01,9.8186220e+00,-1.3287820e-01,4.4412440e-01,9.7874970e+00,4.2063132e-01,9.2152300e-02,-8.3676360e-01,-1.9616897e-01,-7.0509243e-01,3.1124622e-02,-5.5350953e-01,-2.5953773e+01,-1.5258867e+00,-4.6697400e+01,5.2864254e-01,-4.4619274e-01,-4.4026664e-01,5.7237610e-01
-3.9384618e-01,9.1626100e+00,-2.4660277e-01,4.6043490e-01,9.7883940e+00,3.7828386e-01,-2.8495690e-01,-6.7804533e-01,3.1749140e-02,-8.5428107e-01,-6.2578446e-01,-6.2488663e-01,-2.9149355e+01,-2.5839033e+00,-4.6170376e+01,5.1319600e-01,-4.6619532e-01,-4.5894393e-01,5.5557376e-01
-7.3980830e-01,1.0030508e+01,5.7580550e-01,5.6158996e-01,9.7644520e+00,7.1392100e-01,-3.0200115e-01,-7.2172120e-01,1.6597246e-01,-1.3013983e+00,2.6605567e-01,-1.3811551e-01,-3.0855013e+01,-2.1015778e+00,-4.5306507e+01,4.8539860e-01,-4.7747713e-01,-4.8277047e-01,5.5075990e-01
5.9974754e-01,9.7264440e+00,1.0881647e+00,8.0220723e-01,9.7277910e+00,9.4585930e-01,-2.5512950e-01,-1.0285174e+00,1.3614506e-01,-2.0245968e-01,-1.3467384e-03,1.4230536e-01,-3.4096687e+01,2.1045253e-01,-4.4110580e+01,4.5119187e-01,-4.9819490e-01,-5.0610125e-01,5.4045296e-01
1.6077064e+00,9.6210990e+00,1.4987702e+00,1.2270284e+00,9.6680860e+00,1.0917560e+00,-1.4966832e-01,-8.9003295e-01,3.1084840e-01,3.8067806e-01,-4.6986207e-02,4.0701428e-01,-3.7380060e+01,1.4528781e+00,-4.1636050e+01,4.1138792e-01,-5.2449590e-01,-5.2393710e-01,5.3023950e-01
3.0178912e+00,1.0189722e+01,9.4810385e-01,1.5179238e+00,9.6308260e+00,1.0544962e+00,8.4689856e-02,-3.9042395e-01,-5.3472012e-02,1.4999673e+00,5.5889650e-01,-1.0639234e-01,-4.0238518e+01,3.1058319e+00,-3.9561687e+01,3.8788830e-01,-5.4385430e-01,-5.3118590e-01,5.2115905e-01
2.2541409e+00,9.1422600e+00,1.2162545e+00,1.5254058e+00,9.6550670e+00,7.8873980e-01,3.7443593e-01,1.0917895e-01,-1.0359004e-01,7.2873515e-01,-5.1280810e-01,4.2751464e-01,-4.2205246e+01,2.4620612e+00,-3.8333195e+01,3.9301420e-01,-5.5255604e-01,-5.2512760e-01,5.1425946e-01
2.1045034e+00,9.1171200e+00,3.9983168e-01,1.4392145e+00,9.6800570e+00,6.2832830e-01,2.0186308e-01,2.5938123e-01,-2.9640290e-01,6.6528880e-01,-5.6293666e-01,-2.2849663e-01,-4.2043630e+01,1.6492904e+00,-3.8398094e+01,4.0536126e-01,-5.5103815e-01,-5.1759930e-01,5.1393600e-01
1.2485762e+00,9.1602150e+00,-2.4899697e-01,1.3033435e+00,9.7077400e+00,4.8063600e-01,1.8481885e-01,6.8442170e-01,-1.2063427e-01,-5.4767363e-02,-5.4752400e-01,-7.2963300e-01,-4.1677013e+01,4.3360185e-02,-3.8569910e+01,4.2647470e-01,-5.4185820e-01,-5.0443450e-01,5.1966790e-01
4.9320555e-01,9.8150300e+00,-4.4532153e-01,1.2392987e+00,9.7119290e+00,5.5754970e-01,-1.6565314e-01,1.5483512e+00,2.3942511e-01,-7.4609310e-01,1.0310031e-01,-1.0028713e+00,-3.8460540e+01,-1.6631331e+00,-4.0396976e+01,4.5710257e-01,-5.1247156e-01,-4.7686967e-01,5.4865783e-01
7.0269820e-01,1.0127473e+01,9.8760820e-01,1.2906244e+00,9.6704800e+00,9.9254626e-01,-1.0280254e-01,1.7720567e+00,8.0700700e-02,-5.8792615e-01,4.5699325e-01,-4.9380410e-03,-3.1696556e+01,-2.3942920e-02,-4.1353867e+01,4.8664930e-01,-4.6104166e-01,-4.3458384e-01,6.0145650e-01
1.3275849e+00,9.5109660e+00,1.0283096e+00,1.1979986e+00,9.6680860e+00,1.1237785e+00,9.4271110e-02,1.1009399e+00,-4.5002896e-02,1.2958616e-01,-1.5711948e-01,-9.5468790e-02,-2.2500109e+01,1.5400214e+00,-4.4157005e+01,5.1535630e-01,-4.2084497e-01,-3.9749238e-01,6.3189980e-01
-4.7644615e-01,1.0562021e+01,1.0378864e+00,4.3230304e-01,9.7141740e+00,1.2708722e+00,-2.3809140e-01,9.9547870e-01,-2.3355469e-01,-1.1505636e+00,3.3429042e-01,-5.8209028e-02,-8.2570960e+00,4.0847790e-01,-4.5607944e+01,6.5898550e-01,3.0572409e-02,6.8170470e-02,7.4843590e-01
-4.7644615e-01,1.0562021e+01,1.0378864e+00,3.4895490e-01,9.7126780e+00,1.3078327e+00,-1.9654608e-01,9.7949970e-01,-1.8987885e-01,-8.2540100e-01,8.4934306e-01,-2.6994625e-01,-7.2490606e+00,2.4380147e-01,-4.5452040e+01,6.5706164e-01,3.9847787e-02,7.2526270e-02,7.4928110e-01
-2.7413610e-01,9.8126350e+00,1.0199299e+00,2.9508537e-01,9.7113310e+00,1.3314754e+00,-1.2943442e-01,9.6671650e-01,-7.3765030e-02,-5.6922144e-01,1.0130466e-01,-3.1154550e-01,-6.2520180e+00,3.6902670e-01,-4.5387825e+01,6.5559220e-01,4.8041380e-02,7.7876840e-02,7.4955064e-01
-2.4301147e-01,9.3840730e+00,9.9598790e-01,6.0752870e-02,9.7034010e+00,1.4178163e+00,-9.3215430e-02,8.4740690e-01,-4.5002896e-02,-3.0376434e-01,-3.1932664e-01,-4.2182842e-01,-2.4107063e+00,1.7069834e+00,-4.3822240e+01,6.4839756e-01,8.5372070e-02,1.0344884e-01,7.4939346e-01
-2.5139118e-02,1.0666168e+01,1.3563153e+00,-1.3886370e-01,9.6872400e+00,1.5191209e+00,-5.8067830e-02,4.0318500e-01,-1.5690893e-01,1.1372458e-01,9.7892920e-01,-1.6280572e-01,1.8054081e+00,2.3025310e+00,-4.3853950e+01,6.4051354e-01,1.1084815e-01,1.1884009e-01,7.5055456e-01
-6.1411273e-01,9.4858270e+00,6.4284310e-01,-3.0256724e-01,9.7105830e+00,1.3349171e+00,1.5605032e-01,1.7202263e-01,-6.5296180e-02,-3.1154550e-01,-2.2475569e-01,-6.9207394e-01,3.8021612e+00,2.4192023e+00,-4.3328827e+01,6.4531680e-01,1.2451206e-01,1.1967900e-01,7.4413717e-01
-4.5489833e-01,8.8393930e+00,1.2246342e+00,-3.9205053e-01,9.6965170e+00,1.4118308e+00,-3.7232083e-01,1.7308790e-01,-3.6534040e-02,-6.2847790e-02,-8.5712420e-01,-1.8719664e-01,5.3055550e+00,3.4427934e+00,-4.2004505e+01,6.4025690e-01,1.3446422e-01,1.2541878e-01,7.4582887e-01
-6.0333884e-01,9.1745810e+00,1.9979613e+00,-4.5519760e-01,9.6487830e+00,1.6915035e+00,-2.1146591e-01,3.2648596e-01,2.0741151e-01,-1.4814124e-01,-4.7420156e-01,3.0645782e-01,5.0720600e+00,4.2374544e+00,-4.2630390e+01,6.2714450e-01,1.4296710e-01,1.3481410e-01,7.5370770e-01
-4.7285482e-01,9.1302880e+00,2.1727380e+00,-4.3679217e-01,9.6088295e+00,1.9098247e+00,-2.4129331e-01,3.5524812e-01,2.1167257e-01,-3.6062660e-02,-4.7854108e-01,2.6291330e-01,5.5471206e+00,4.2697773e+00,-4.1402935e+01,6.1664060e-01,1.4958788e-01,1.4792046e-01,7.5861555e-01
4.0821138e-01,8.9650880e+00,2.3463178e+00,-1.6101007e-01,9.5703730e+00,2.1330840e+00,-1.0920265e-01,-2.8249482e-02,2.2550184e-01,5.6922144e-01,-6.0528410e-01,2.1323359e-01,8.1783080e+00,5.9077760e+00,-3.9405773e+01,6.0847790e-01,1.4487982e-01,1.6793920e-01,7.6194555e-01
4.0342298e-01,9.7755250e+00,2.4061728e+00,6.8683660e-02,9.5601970e+00,2.1832128e+00,5.1652275e-02,-2.3278025e-01,2.6491663e-01,3.3473933e-01,2.1532851e-01,2.2296004e-01,9.3988730e+00,5.2804130e+00,-4.0323483e+01,6.0921400e-01,1.3245825e-01,1.7161034e-01,7.6279956e-01
3.7349546e-01,9.5612440e+00,2.0314800e+00,3.2680854e-01,9.5242840e+00,2.3127987e+00,-1.7951010e-01,-2.5302030e-01,1.9354390e-01,4.6686932e-02,3.6960490e-02,-2.8131870e-01,7.9878540e+00,4.8646510e+00,-4.0855347e+01,6.0805285e-01,1.1113071e-01,1.6776758e-01,7.6796865e-01
6.3805470e-01,9.1829605e+00,2.1918917e+00,5.7341130e-01,9.4719100e+00,2.4741082e+00,-2.2531648e-01,-4.5293710e-02,1.9993548e-01,6.4643440e-02,-2.8895020e-01,-2.8221652e-01,7.5584280e+00,5.2962060e+00,-4.0936130e+01,6.0366535e-01,9.7153190e-02,1.7271878e-01,7.7221600e-01
1.0450691e+00,8.9040365e+00,2.9089550e+00,7.7123225e-01,9.4047230e+00,2.6692357e+00,-2.4555650e-01,-2.1857895e-02,9.0213250e-02,2.7383682e-01,-5.0068740e-01,2.3971945e-01,6.9068613e+00,4.9868610e+00,-4.1016376e+01,5.9672460e-01,8.8449620e-02,1.8103197e-01,7.7673936e-01
1.0091560e+00,9.5684270e+00,3.2812533e+00,8.4066410e-01,9.2927940e+00,3.0177417e+00,-4.1280620e-01,-1.2093122e-01,-6.8540180e-02,1.6849194e-01,2.7563247e-01,2.6351184e-01,7.6749710e+00,6.3573556e+00,-4.0242992e+01,5.8281857e-01,8.0352430e-02,1.8216588e-01,7.8783350e-01
4.4292733e-02,9.5863840e+00,3.0274680e+00,8.5383220e-01,9.2402720e+00,3.1711202e+00,-9.7487940e-02,-1.5821546e-01,-3.2321190e-02,-8.0953944e-01,3.4611177e-01,-1.4365210e-01,6.6359897e+00,7.2811470e+00,-4.0034760e+01,5.7703364e-01,7.3100780e-02,1.7606124e-01,7.9416054e-01
1.1695676e+00,8.8010850e+00,3.2453403e+00,8.0789346e-01,9.2438630e+00,3.1730654e+00,4.0996436e-02,4.3119510e-02,-1.7407486e-02,9.1129300e-02,2.5752630e-01,1.2973580e-01,6.3822703e+00,7.4039190e+00,-4.0373790e+01,5.7733200e-01,7.4018870e-02,1.7472865e-01,7.9415300e-01
1.0773908e+00,8.9064300e+00,3.2094274e+00,9.1039520e-01,9.2302470e+00,3.1847372e+00,-1.5075116e-01,-6.9798520e-02,1.1354653e-02,1.6699557e-01,-3.2381580e-01,2.4690205e-02,6.6681860e+00,6.7483970e+00,-4.0029453e+01,5.7685850e-01,6.9663580e-02,1.7641786e-01,7.9451740e-01
1.0247183e+00,1.0084377e+01,2.9879637e+00,8.7478140e-01,9.1988220e+00,3.2840965e+00,1.9691147e-02,1.9683689e-02,3.1594680e-02,1.4993688e-01,8.8555530e-01,-2.9613283e-01,5.5439410e+00,7.9772260e+00,-4.0534626e+01,5.7246524e-01,6.9575325e-02,1.7491263e-01,7.9802790e-01
8.8226330e-01,8.7855230e+00,3.8259344e+00,9.4047236e-01,9.1605150e+00,3.3717842e+00,-2.0792630e-02,3.3528400e-02,-6.0049490e-02,-5.8209028e-02,-3.7499183e-01,4.5415014e-01,6.5488005e+00,7.8991365e+00,-4.0405136e+01,5.6886080e-01,6.6919090e-02,1.7841707e-01,8.0005410e-01
1.3838485e+00,8.1510600e+00,3.8151605e+00,9.6905315e-01,9.1578220e+00,3.3708863e+00,6.8689585e-02,-5.7019077e-02,2.8011128e-03,4.1479546e-01,-1.0067618e+00,4.4427404e-01,7.2349170e+00,7.8858466e+00,-4.0074250e+01,5.6909130e-01,6.5300114e-02,1.7861603e-01,7.9997960e-01
1.2162545e+00,8.8501660e+00,3.5709520e+00,1.0232220e+00,9.1241530e+00,3.4454060e+00,-7.5121110e-02,-1.3371812e-01,3.8663773e-03,1.9303252e-01,-2.7398646e-01,1.2554595e-01,6.3241663e+00,7.7813580e+00,-4.0459210e+01,5.6642700e-01,5.9093207e-02,1.7588355e-01,8.0295300e-01
2.2984336e-01,9.1111350e+00,2.8682537e+00,1.0420763e+00,9.1494420e+00,3.3720834e+00,7.1885380e-02,4.4181040e-02,2.3041137e-02,-8.1223290e-01,-3.8307227e-02,-5.0382984e-01,6.1166900e+00,8.1054990e+00,-4.0766900e+01,5.6982416e-01,5.8042680e-02,1.7483005e-01,8.0085325e-01
1.2330139e+00,9.2392240e+00,3.1878796e+00,1.0482115e+00,9.1665000e+00,3.3234513e+00,7.4015900e-02,7.8269504e-02,6.3521184e-02,1.8480244e-01,7.2723870e-02,-1.3557167e-01,6.1858716e+00,8.4368330e+00,-4.0446860e+01,5.7170510e-01,6.0819440e-02,1.7843822e-01,7.9850750e-01
8.2121116e-01,8.7735520e+00,2.4241292e+00,1.0503063e+00,9.2342860e+00,3.1296706e+00,2.0077865e-01,-2.9326463e-02,5.3899985e-02,-2.2909518e-01,-4.6073420e-01,-7.0554130e-01,6.0874470e+00,7.3098530e+00,-4.0110607e+01,5.8003867e-01,6.3136300e-02,1.7856836e-01,7.9226410e-01
4.6686932e-01,9.0393090e+00,3.3195608e+00,1.0239701e+00,9.2734910e+00,3.0202854e+00,-5.8826567e-03,-5.8088604e-02,-1.9603262e-02,-5.5710083e-01,-2.3418285e-01,2.9927522e-01,5.5913997e+00,5.8933480e+00,-4.0183304e+01,5.8474050e-01,6.3874625e-02,1.7551972e-01,7.8942470e-01
1.8471266e+00,9.1183180e+00,2.6946740e+00,1.0600328e+00,9.3070110e+00,2.9023710e+00,2.4445449e-01,-1.4330976e-01,-6.0083310e-02,7.8709380e-01,-1.8869302e-01,-2.0769700e-01,7.0906596e+00,4.5654910e+00,-4.1528008e+01,5.9032863e-01,5.9398472e-02,1.7071196e-01,7.8666484e-01
9.5049810e-01,9.2571810e+00,2.9125464e+00,1.1263223e+00,9.3498070e+00,2.7350762e+00,8.0403760e-02,-2.6130670e-02,1.3166429e-01,-1.7582418e-01,-9.2625680e-02,1.7747020e-01,5.6259055e+00,3.0195170e+00,-4.2644040e+01,5.9776000e-01,5.6849625e-02,1.7037636e-01,7.8129570e-01
1.5263035e+00,9.2308445e+00,2.9795840e+00,1.2566566e+00,9.3614780e+00,2.6367643e+00,2.4338922e-01,-2.0722562e-01,2.5137844e-02,2.6964697e-01,-1.3063364e-01,3.4281975e-01,6.5208360e+00,2.8807502e+00,-4.3056007e+01,6.0254896e-01,4.9921956e-02,1.7079954e-01,7.7799110e-01
1.0905589e+00,8.2635870e+00,2.1619642e+00,1.3631986e+00,9.4219320e+00,2.3530514e+00,2.3912310e-01,-3.2227950e-01,-5.7982340e-03,-2.7263972e-01,-1.1583447e+00,-1.9108722e-01,5.3351083e+00,2.7068298e+00,-4.3763103e+01,6.1519750e-01,3.9457284e-02,1.6240346e-01,7.7045465e-01
1.6448165e+00,9.3852710e+00,2.2158337e+00,1.4071920e+00,9.4551520e+00,2.1881506e+00,1.1981349e-01,-1.9551304e-01,-2.2842465e-02,7.2424600e-02,-1.1376947e+00,2.1802199e-01,4.4988410e+00,1.2626585e+00,-4.3605576e+01,6.2232320e-01,3.3834710e-02,1.5694208e-01,7.6611890e-01
1.8435353e+00,9.4295635e+00,2.4444800e+00,1.4884453e+00,9.4746050e+00,2.0456958e+00,1.7840303e-01,-1.1881400e-01,5.0660780e-02,3.5509005e-01,-4.5040920e-02,3.9878422e-01,3.6812818e+00,3.6154285e-01,-4.5077286e+01,6.2839380e-01,2.8571780e-02,1.5540355e-01,7.6167890e-01
2.8395233e+00,1.0961852e+01,1.7968484e+00,1.5011644e+00,9.4494650e+00,2.1498435e+00,-3.2519326e-02,-1.5929405e-01,-7.5040420e-02,1.3383588e+00,1.5123873e+00,-3.5299513e-01,3.4319272e+00,-9.3618420e-01,-4.5456238e+01,6.2446020e-01,2.0748412e-02,1.4804795e-01,7.6661646e-01
1.1755531e+00,9.4056220e+00,1.9201498e+00,1.4206594e+00,9.4638300e+00,2.1416135e+00,-7.9390965e-02,-1.5290247e-01,-1.3256471e-01,-2.4510640e-01,-5.8209028e-02,-2.2146365e-01,2.8009760e+00,2.4569385e-01,-4.5629250e+01,6.2488914e-01,1.7844722e-02,1.3786310e-01,7.6823753e-01
1.4077905e+00,9.2188740e+00,2.2828712e+00,1.4285902e+00,9.4445280e+00,2.2198740e+00,-9.5369930e-02,3.4584075e-02,3.1486020e-02,-2.0799628e-02,-2.2565351e-01,6.2997430e-02,1.9157363e+00,-3.4721723e-01,-4.5630140e+01,6.2173430e-01,1.6237661e-02,1.3729689e-01,7.7092975e-01
1.8219875e+00,9.3589340e+00,2.6324248e+00,1.5750854e+00,9.3900590e+00,2.3481133e+00,-1.1134890e-01,3.0323017e-02,1.6570933e-01,2.4690205e-01,-3.1124622e-02,2.8431144e-01,3.1261744e+00,1.1129990e+00,-4.5856636e+01,6.1655260e-01,1.1898710e-02,1.4519064e-01,7.7371895e-01
2.1835120e+00,8.9591030e+00,2.3175871e+00,1.8300679e+00,9.3469640e+00,2.3352444e+00,1.3259666e-01,3.4584075e-02,3.5852220e-01,3.5344404e-01,-3.8786070e-01,-1.7657237e-02,3.3939990e+00,1.0887662e+00,-4.5013103e+01,6.1718550e-01,3.6256910e-03,1.5571493e-01,7.7124700e-01
1.9740193e+00,8.3677350e+00,2.9580362e+00,2.0219033e+00,9.2736410e+00,2.4658780e+00,-2.8392172e-01,9.7434680e-02,8.6879770e-02,-4.7884032e-02,-9.0590610e-01,4.9215810e-01,3.1818988e+00,6.3691723e-01,-4.4056904e+01,6.1177677e-01,-1.3462976e-03,1.6680847e-01,7.7324146e-01
2.9041667e+00,8.4694880e+00,2.4468741e+00,2.1447558e+00,9.1835590e+00,2.6889877e+00,-1.1241416e-01,5.6954630e-02,1.7210093e-01,7.5941086e-01,-7.1407070e-01,-2.4211365e-01,3.4071362e+00,1.1589270e+00,-4.3853256e+01,6.0237360e-01,-6.4201680e-03,1.7323539e-01,7.7916265e-01
2.2038627e+00,9.1494420e+00,2.8479030e+00,2.2575827e+00,9.1195140e+00,2.8115410e+00,-7.0874440e-02,5.8155446e-03,1.3689633e-01,-5.3719900e-02,2.9927522e-02,3.6361936e-02,4.5115294e+00,1.4483739e+00,-4.3832348e+01,5.9711340e-01,-1.0077084e-02,1.7958440e-01,7.8173120e-01
2.4588451e+00,8.8322110e+00,2.9317000e+00,2.3407810e+00,9.0885390e+00,2.8437130e+00,-4.6373356e-02,-7.7275080e-02,9.2155226e-02,4.7435120e-02,-4.4442370e-02,9.3972415e-02,3.7483582e+00,9.0282017e-01,-4.3063522e+01,5.9526354e-01,-1.5726866e-02,1.8214096e-01,7.8245693e-01
2.7210102e+00,9.1757780e+00,2.2086510e+00,2.4577978e+00,9.0647470e+00,2.8212674e+00,-1.0154366e-02,-1.3053830e-01,3.0369889e-02,2.6321256e-01,1.1103110e-01,-6.1261636e-01,4.1971197e+00,1.6893796e+00,-4.3453712e+01,5.9638370e-01,-2.1945480e-02,1.8135943e-01,7.8163530e-01
2.5222914e+00,8.5927900e+00,2.8431146e+00,2.5668836e+00,9.0283850e+00,2.8404210e+00,-1.3479030e-01,-1.0816775e-01,-1.0110159e-02,-4.4592008e-02,-4.3559507e-01,2.6934769e-03,4.0562778e+00,2.5205480e+00,-4.2930122e+01,5.9519100e-01,-3.0391287e-02,1.7992716e-01,7.8259206e-01
2.6647465e+00,7.7057380e+00,2.9975405e+00,2.6041431e+00,9.0071360e+00,2.8736405e+00,-6.9585736e-03,-1.0284143e-01,-3.5676505e-02,6.0603230e-02,-1.3013983e+00,1.2389994e-01,3.0617101e+00,3.1188233e+00,-4.3894173e+01,5.9348010e-01,-3.5575874e-02,1.7670160e-01,7.8440570e-01
2.6072857e+00,8.8908680e+00,2.8239610e+00,2.5567080e+00,9.0291330e+00,2.8471546e+00,4.5237520e-02,-8.1538000e-02,2.8224980e-02,5.0577510e-02,-1.3826515e-01,-2.3193829e-02,3.0043323e+00,3.3693862e+00,-4.4222866e+01,5.9464940e-01,-3.4941085e-02,1.7312993e-01,7.8434515e-01
2.4456770e+00,8.8310130e+00,2.5917234e+00,2.5686790e+00,9.0455930e+00,2.7834090e+00,3.6715403e-02,-4.2123217e-02,-2.7168770e-02,-1.2300211e-01,-2.1458033e-01,-1.9168578e-01,2.5458736e+00,3.0011525e+00,-4.3942524e+01,5.9726846e-01,-3.6812440e-02,1.7103810e-01,7.8272694e-01
3.0609868e+00,1.0084377e+01,2.2517467e+00,2.5632923e+00,9.0735760e+00,2.6960208e+00,8.5717570e-02,-1.6431704e-03,-4.6343530e-02,4.9769467e-01,1.0108020e+00,-4.4427404e-01,2.1478503e+00,3.2226439e+00,-4.3087500e+01,6.0097370e-01,-3.6966227e-02,1.6948230e-01,7.8021790e-01
2.5234885e+00,8.5784240e+00,2.3151930e+00,2.5960630e+00,9.0852470e+00,2.6241946e+00,-4.8299087e-03,-3.1470574e-02,-1.3320332e-02,-7.2574235e-02,-5.0682260e-01,-3.0900165e-01,2.0688970e+00,3.4244013e+00,-4.4046864e+01,6.0391940e-01,-3.8498193e-02,1.6959874e-01,7.7784030e-01
3.1016884e+00,8.9746650e+00,2.4001873e+00,2.6351182e+00,9.0532250e+00,2.6952724e+00,-6.8745780e-02,-2.5078988e-02,-2.8234035e-02,4.6657005e-01,-7.8559740e-02,-2.9508537e-01,1.7899063e+00,2.5736427e+00,-4.4461235e+01,6.0061450e-01,-4.2873680e-02,1.6798104e-01,7.8051686e-01
2.5749640e+00,9.0728270e+00,2.7437550e+00,2.5815480e+00,9.0508310e+00,2.7543795e+00,-7.1945295e-02,-3.9996684e-02,-3.4659440e-02,-6.5840550e-03,2.1996727e-02,-1.0624270e-02,2.1583645e+00,2.7996310e+00,-4.4021317e+01,5.9819496e-01,-4.1555130e-02,1.6564517e-01,7.8294176e-01
2.4732103e+00,8.8441810e+00,2.7066450e+00,2.5760114e+00,9.0503820e+00,2.7609634e+00,-2.8269455e-02,-7.9411470e-02,-1.7615212e-02,-1.0280103e-01,-2.0620061e-01,-5.4318450e-02,2.4583042e+00,3.0880180e+00,-4.3713920e+01,5.9776840e-01,-4.3564588e-02,1.6259667e-01,7.8379670e-01
1.7717092e+00,9.3421755e+00,2.6671407e+00,2.5531168e+00,9.0629510e+00,2.7410617e+00,4.9494848e-02,1.8592859e-02,4.9496446e-02,-7.8140760e-01,2.7922377e-01,-7.3920980e-02,1.9692978e+00,3.6458728e+00,-4.3940437e+01,5.9859914e-01,-4.3799587e-02,1.6012625e-01,7.8365820e-01
2.3930047e+00,8.5377240e+00,3.0190883e+00,2.5794530e+00,9.0110270e+00,2.8838160e+00,-2.1895179e-01,6.2268700e-02,-4.8320396e-03,1.5577275e-01,-9.5753103e-01,-3.2665890e-01,1.7103353e+00,3.6286383e+00,-4.4413410e+01,5.9242790e-01,-4.4621482e-02,1.6267082e-01,7.8776675e-01
2.4528596e+00,9.2499980e+00,2.7269957e+00,2.5827450e+00,8.9365070e+00,3.1040826e+00,-3.3719614e-01,-1.3365074e-02,-2.7202593e-02,-2.6635495e-01,4.4143096e-02,-1.4484920e-01,3.8433878e+00,3.4293604e+00,-4.4955660e+01,5.8085746e-01,-4.5884505e-02,1.6205722e-01,7.9638990e-01
2.2266076e+00,9.6677870e+00,3.4344823e+00,2.4447792e+00,8.8869770e+00,3.3485904e+00,-1.8486652e-01,1.6879141e-01,1.5305186e-03,-2.1817163e-01,7.8080904e-01,8.5891984e-02,3.1423376e+00,5.7380700e+00,-4.3784450e+01,5.7242167e-01,-3.9959520e-02,1.6171344e-01,8.0286074e-01
2.4815900e+00,8.4790650e+00,3.4596214e+00,2.4591444e+00,8.8256260e+00,3.4968812e+00,-8.8992720e-02,8.2504995e-02,9.3143260e-02,2.2445641e-02,-3.4656070e-01,-3.7259765e-02,3.7928646e+00,6.4762460e+00,-4.3390137e+01,5.6594770e-01,-3.7499107e-02,1.6813335e-01,8.0624340e-01
2.3642743e+00,9.2069025e+00,3.8450880e+00,2.4775498e+00,8.8292170e+00,3.4748845e+00,1.8478024e-01,7.6113410e-02,1.2084013e-01,-1.1327567e-01,3.7768530e-01,3.7020344e-01,5.1030590e+00,6.1075497e+00,-4.3500557e+01,5.6704760e-01,-3.5808690e-02,1.7195316e-01,8.0474030e-01
2.6767175e+00,8.5257520e+00,3.3865983e+00,2.5377042e+00,8.8557030e+00,3.3623570e+00,1.3151701e-01,1.4328073e-02,1.3248428e-02,9.5917710e-02,-1.5637130e-01,-1.5263036e-02,5.0539270e+00,5.6867320e+00,-4.3123930e+01,5.7206490e-01,-3.6104225e-02,1.7566805e-01,8.0036193e-01
2.3774424e+00,8.4120270e+00,3.2585084e+00,2.5588030e+00,8.8838350e+00,3.2707790e+00,5.8013767e-02,-3.8935147e-02,4.3075830e-02,-4.6836570e-02,1.2419921e-02,-9.2775315e-02,4.8597440e+00,5.7630290e+00,-4.3567745e+01,5.7609975e-01,-3.6640880e-02,1.7574800e-01,7.9742030e-01
2.3116016e+00,8.1079645e+00,3.2429461e+00,2.5825953e+00,8.8829370e+00,3.2543187e+00,-2.5081918e-02,-3.5744682e-02,5.4750063e-02,-2.7099370e-01,-7.7497315e-01,-1.1372458e-02,4.3609540e+00,5.7460830e+00,-4.3546257e+01,5.7673365e-01,-3.8092393e-02,1.7568636e-01,7.9690754e-01
2.1643584e+00,8.2564050e+00,3.3219550e+00,2.6207530e+00,8.8091660e+00,3.4204164e+00,-2.4239586e-01,-1.8700450e-02,3.7705835e-02,-4.6477440e-01,-7.9906480e-02,-2.5767595e-01,4.9774427e+00,5.0516424e+00,-4.4315735e+01,5.6911230e-01,-4.1373406e-02,1.7648731e-01,8.0202980e-01
2.4217350e+00,8.9339640e+00,3.7756560e+00,2.5691280e+00,8.7585890e+00,3.5853171e+00,-7.1953550e-02,1.0913128e-01,1.4270016e-02,-1.4739305e-01,1.7537527e-01,1.9033903e-01,4.7467580e+00,5.6202717e+00,-4.3124336e+01,5.6189780e-01,-3.8318317e-02,1.7809623e-01,8.0689800e-01
2.3391352e+00,8.4946280e+00,3.2752678e+00,2.5924716e+00,8.7129490e+00,3.6786910e+00,-1.2095571e-01,1.6345976e-01,9.5230110e-02,-2.5333646e-01,-2.0874447e-01,-2.9209262e-01,4.9113740e+00,5.9558950e+00,-4.3410667e+01,5.5782450e-01,-3.5623953e-02,1.8534635e-01,8.0821390e-01
2.9017725e+00,8.7196830e+00,3.5745432e+00,2.6337714e+00,8.6548890e+00,3.7847840e+00,-1.0178096e-01,2.0820087e-01,1.2931858e-01,2.7039516e-01,-2.6440966e-01,-8.4545250e-02,6.1872580e+00,6.0611787e+00,-4.2990444e+01,5.5313015e-01,-3.2769334e-02,1.9483022e-01,8.0932960e-01
3.1842883e+00,8.3533700e+00,3.9157170e+00,2.7805660e+00,8.5698960e+00,3.8723220e+00,-6.2367238e-02,1.1125621e-02,1.3250478e-01,4.0372226e-01,-2.1652561e-01,4.3394905e-02,7.6984740e+00,6.6160540e+00,-4.2892610e+01,5.4892630e-01,-3.5280555e-02,2.0626347e-01,8.0925320e-01
2.8586770e+00,8.5101900e+00,3.8498764e+00,2.7693431e+00,8.5663040e+00,3.8883330e+00,-2.9344040e-02,-2.1897575e-02,-3.9002790e-02,8.9333650e-02,-5.6114104e-02,-3.8456865e-02,7.7969080e+00,6.4063970e+00,-4.2934090e+01,5.4813700e-01,-3.5998166e-02,2.0438567e-01,8.1023246e-01
2.8155810e+00,8.1031760e+00,3.9588125e+00,2.7929860e+00,8.5493950e+00,3.9082350e+00,-5.9082230e-03,-4.2137600e-02,-1.1305918e-02,2.2595279e-02,-4.4621935e-01,5.0577510e-02,8.0111065e+00,6.1850100e+00,-4.2792030e+01,5.4705477e-01,-3.8291350e-02,2.0354636e-01,8.1106955e-01
2.8155810e+00,8.1031760e+00,3.9588125e+00,2.7929860e+00,8.5493950e+00,3.9082350e+00,-5.9082230e-03,-4.2137600e-02,-1.1305918e-02,2.2595279e-02,-4.4621935e-01,5.0577510e-02,8.0111065e+00,6.1850100e+00,-4.2792030e+01,5.4705477e-01,-3.8291350e-02,2.0354636e-01,8.1106955e-01
2.4552538e+00,8.5556790e+00,3.6846764e+00,2.7756279e+00,8.5733370e+00,3.8681320e+00,1.7527595e-02,-3.4680750e-02,6.8035778e-03,-3.2037410e-01,-1.7657237e-02,-1.8345570e-01,8.2085000e+00,6.3284680e+00,-4.2738903e+01,5.4893490e-01,-3.8023130e-02,2.0168430e-01,8.1027660e-01
2.5833437e+00,8.2695720e+00,3.5386300e+00,2.7624598e+00,8.5939870e+00,3.8313212e+00,4.7355000e-02,7.0780426e-02,2.4913073e-02,-1.7911622e-01,-3.2441434e-01,-2.9269117e-01,8.3587890e+00,6.6771593e+00,-4.2872383e+01,5.5084390e-01,-3.4995320e-02,2.0434044e-01,8.0845000e-01
3.0992942e+00,8.2564050e+00,3.4296940e+00,2.8981812e+00,8.5793230e+00,3.7635355e+00,8.1447990e-02,1.0380869e-01,1.5597922e-01,2.0111294e-01,-3.2291797e-01,-3.3384150e-01,8.3529090e+00,6.9063780e+00,-4.3083405e+01,5.5390346e-01,-3.6027550e-02,2.1451251e-01,8.0366510e-01
5.3031570e-01,8.4970220e+00,4.0545807e+00,2.6768672e+00,8.6149360e+00,3.8449383e+00,-4.7449008e-02,-7.3025210e-02,2.0690631e-02,-2.1465514e+00,-1.1791443e-01,2.0964229e-01,8.2290660e+00,6.9440823e+00,-4.3141228e+01,5.5059340e-01,-2.8333638e-02,2.0629490e-01,8.0838520e-01
2.7665000e+00,7.9499470e+00,3.7720647e+00,2.7249007e+00,8.5953340e+00,3.8552632e+00,1.4336329e-02,1.0065417e-02,2.8147481e-02,4.1599255e-02,-6.4538700e-01,-8.3198510e-02,8.1179400e+00,6.8234725e+00,-4.3025356e+01,5.5003446e-01,-2.9849933e-02,2.0874410e-01,8.0808240e-01
