-9.6965170e-02,5.3630120e-01,-1.1145009e+00,1.1662755e+00,9.1665000e+00,-3.2839470e+00,8.6764400e-01,-1.3379349e-01,2.1319643e-01,-1.2632407e+00,-8.6301990e+00,2.1694460e+00,-9.7940020e+01,3.0708938e+00,-6.4223940e+01,3.0763116e-01,-7.5683200e-01,-5.0255734e-01,2.8285092e-01
6.0118403e+00,1.9612701e+01,-5.9867015e+00,1.0099041e+00,9.1451025e+00,-3.3936312e+00,-1.3476980e-01,-3.2554108e-01,2.3450172e-01,5.0019364e+00,1.0467600e+01,-2.5930700e+00,-9.8669630e+01,7.0395446e-01,-6.4323840e+01,3.1082922e-01,-7.5921553e-01,-5.0220850e-01,2.7342987e-01
9.9000240e-01,1.0984597e+01,-3.7265750e+00,1.2761095e+00,9.2571810e+00,-2.9740474e+00,1.1171429e-02,-6.3127196e-01,2.2704487e-01,-2.8610710e-01,1.7274165e+00,-7.5252753e-01,-9.9481606e+01,2.1531303e+00,-5.9450150e+01,2.7066773e-01,-7.6050410e-01,-5.2382710e-01,2.7198870e-01
-1.1587936e+00,-1.8902222e+00,-8.5233580e-01,1.7612346e+00,9.1186160e+00,-3.1491234e+00,4.5219090e-01,1.0017214e-02,1.2273282e+00,-2.9200282e+00,-1.1008839e+01,2.2967875e+00,-1.0007296e+02,3.8910928e+00,-5.9549610e+01,2.4367484e-01,-7.7535826e-01,-5.1259920e-01,2.7691970e-01
-2.5139117e-01,1.2555194e+01,-7.1861963e+00,1.5439608e+00,9.0711810e+00,-3.3910875e+00,-1.0306572e+00,4.6595040e-01,-2.0536864e+00,-1.7953520e+00,3.4840124e+00,-3.7951090e+00,-1.0084193e+02,2.4459680e+00,-6.3834710e+01,2.6530950e-01,-7.7621263e-01,-5.0247610e-01,2.7317160e-01
1.2940661e+00,1.9612701e+01,-5.3079453e+00,1.0277110e+00,9.2033110e+00,-3.2267854e+00,-7.8032590e-01,7.7806780e-01,-3.4184867e-01,2.6635495e-01,1.0409390e+01,-2.0811598e+00,-1.0021735e+02,3.0520492e+00,-5.9796455e+01,3.0777407e-01,-7.5484460e-01,-5.0875580e-01,2.7686200e-01
8.8465750e-01,7.4699090e+00,-9.8042560e-01,1.1382933e+00,9.4437790e+00,-2.3850740e+00,-4.8205185e-01,3.1041673e-01,-1.3092633e-01,-2.5363573e-01,-1.9738697e+00,1.4046482e+00,-9.8839860e+01,2.4534240e+00,-5.8461243e+01,3.1636000e-01,-7.2216310e-01,-5.2985600e-01,3.1248942e-01
-1.2569559e-01,-8.3797060e-01,-3.8786070e-01,1.4413095e+00,9.3266120e+00,-2.6657940e+00,5.0651354e-01,-2.7547872e-01,-3.2800025e-01,-1.5670050e+00,-1.0164583e+01,2.2779334e+00,-9.8070390e+01,2.3448362e+00,-5.9965046e+01,3.1218287e-01,-7.3379326e-01,-5.1264480e-01,3.1825235e-01
5.1822495e+00,1.9612701e+01,-4.3095630e+00,6.8489134e-01,9.3331970e+00,-2.9311013e+00,-6.1627520e-01,-1.0722965e+00,-1.7139093e+00,4.4973583e+00,1.0279505e+01,-1.3784616e+00,-9.8531334e+01,1.3298968e+00,-6.4056930e+01,3.2495797e-01,-7.3745644e-01,-5.2288480e-01,2.7776265e-01
3.7780502e+00,1.5280992e+01,-3.9372647e+00,1.2021885e+00,9.3477120e+00,-2.7102363e+00,-8.4743756e-01,-9.8068374e-01,1.7480457e-01,2.5758617e+00,5.9332810e+00,-1.2270284e+00,-1.0144345e+02,1.1586477e+00,-5.6914585e+01,2.7517300e-01,-7.4997264e-01,-5.3365870e-01,2.7754158e-01
-1.4532804e+00,-8.0804306e-01,-1.4484920e-01,1.0806828e+00,9.3658180e+00,-2.6988640e+00,-6.7670660e-02,-4.2142580e-01,6.6477640e-01,-2.5339632e+00,-1.0173861e+01,2.5540147e+00,-1.0350281e+02,3.0588720e+00,-5.2286175e+01,2.4814127e-01,-7.5896450e-01,-5.4697390e-01,2.5143307e-01
-1.6256629e+00,-2.1188685e-01,-2.1906945e-01,1.3263878e+00,9.2748380e+00,-2.8960862e+00,9.0283830e-03,-8.1032000e-03,-7.8778170e-02,-2.9520507e+00,-9.4867250e+00,2.6770167e+00,-1.0358277e+02,1.4895967e+00,-5.4374680e+01,2.3665875e-01,-7.6918580e-01,-5.3691226e-01,2.5312266e-01
-1.3946224e+00,1.7104177e+01,-6.0597243e+00,3.8456866e-01,9.4298630e+00,-2.6641479e+00,3.3073825e-01,5.9377120e-01,-6.2845460e-01,-1.7791911e+00,7.6743145e+00,-3.3955765e+00,-1.0506280e+02,3.2965147e+00,-5.5951458e+01,2.8112784e-01,-7.4618990e-01,-5.5557270e-01,2.3559903e-01
5.6263740e-01,1.5532384e+01,-1.9033904e+00,3.2426470e-01,9.5560070e+00,-2.1788733e+00,-4.0322894e-01,1.1498393e+00,-3.0354896e-01,2.3837271e-01,5.9763765e+00,2.7548283e-01,-1.0535473e+02,2.5603611e+00,-4.9898403e+01,3.2176197e-01,-7.1243095e-01,-5.5931664e-01,2.7581966e-01
6.2967503e-01,-1.4113820e+00,1.0965444e+00,1.0850223e+00,9.5004920e+00,-2.1754315e+00,7.7601880e-01,3.8817516e-01,1.0322926e+00,-4.5534724e-01,-1.0911874e+01,3.2719760e+00,-1.0440449e+02,3.7683077e+00,-5.2740948e+01,3.1888452e-01,-7.1360123e-01,-5.3693426e-01,3.1747070e-01
2.1140802e+00,-7.1826050e-03,-2.3487120e+00,1.3343185e+00,9.2124400e+00,-3.0852282e+00,6.6096544e-01,-2.6216956e-02,2.5248364e-01,7.7976155e-01,-9.2196220e+00,7.3651630e-01,-1.0461900e+02,3.9706085e+00,-5.8168667e+01,3.2629564e-01,-7.4217970e-01,-4.9659228e-01,3.0999476e-01
5.5485625e+00,1.9612701e+01,-4.4484267e+00,1.1559505e+00,9.3381350e+00,-2.7624598e+00,-8.4638375e-01,-5.3647864e-01,6.3065255e-01,4.3926120e+00,1.0274567e+01,-1.6859670e+00,-1.0524899e+02,2.5533452e+00,-5.8007927e+01,3.1036255e-01,-7.3791504e-01,-5.1969540e-01,2.9845160e-01
-7.2065470e-01,3.1794999e+00,-1.0869676e+00,1.1948563e+00,9.4364470e+00,-2.3862710e+00,-8.0458626e-02,-6.4300510e-01,5.2093030e-01,-1.9155110e+00,-6.2569470e+00,1.2993033e+00,-1.1010255e+02,3.9201965e+00,-5.0807373e+01,2.6415908e-01,-7.4288540e-01,-5.4906620e-01,2.7724990e-01
-1.5981296e+00,-1.6089035e+00,-1.0223241e+00,1.7117046e+00,9.2898020e+00,-2.6339211e+00,2.5509968e-01,-1.4339605e-01,3.9842486e-01,-3.3098342e+00,-1.0898706e+01,1.6115971e+00,-1.1323292e+02,5.1202920e+00,-4.9469055e+01,2.3615160e-01,-7.6060700e-01,-5.3548660e-01,2.8100473e-01
5.3510410e-01,1.9074604e+01,-4.8602295e+00,1.0093056e+00,9.3548950e+00,-2.7632082e+00,-7.3453100e-01,6.3531226e-01,-1.2783014e+00,-4.7420156e-01,9.7197100e+00,-2.0970213e+00,-1.1449059e+02,6.1703100e+00,-5.3748135e+01,2.7264068e-01,-7.5269586e-01,-5.3829414e-01,2.6335436e-01
3.9983168e-01,1.6885107e+01,-4.3299136e+00,7.4504566e-01,9.3269120e+00,-2.9366380e+00,-3.1269053e-01,1.1125473e+00,4.1543847e-01,-3.4521395e-01,7.5581956e+00,-1.3932757e+00,-1.1862085e+02,3.8690422e+00,-4.9697594e+01,3.1371580e-01,-7.4249920e-01,-5.2510090e-01,2.7303200e-01
8.9662856e-01,1.5298948e+00,2.2266077e-01,1.0151415e+00,9.4603890e+00,-2.3745992e+00,-4.1069487e-01,2.6672730e-01,4.4846168e-01,-1.1851298e-01,-7.9304940e+00,2.5972600e+00,-1.2097117e+02,2.3162065e+00,-5.4034103e+01,3.1705810e-01,-7.2148450e-01,-5.3392065e-01,3.0637082e-01
9.7922850e-01,-4.6806642e-01,6.4643440e-02,1.3605051e+00,9.2953390e+00,-2.8133366e+00,9.3366885e-01,-5.4180840e-01,2.3647405e-01,-3.8127660e-01,-9.7634050e+00,2.8779800e+00,-1.2320599e+02,3.1722043e+00,-6.2491726e+01,3.0104992e-01,-7.4350840e-01,-5.1518947e-01,3.0190100e-01
3.3925838e+00,1.9612701e+01,-6.4128695e+00,8.0729490e-01,9.3055130e+00,-2.9872155e+00,2.5509542e-01,-7.8894970e-01,7.8814924e-02,2.5852890e+00,1.0307188e+01,-3.4256537e+00,-1.2628015e+02,4.4476193e-01,-6.6410545e+01,2.9820870e-01,-7.5058407e-01,-5.2711916e-01,2.6427373e-01
-1.4484920e-01,1.4183250e+01,-3.9755719e+00,9.2969847e-01,9.4428820e+00,-2.4775498e+00,-7.8332360e-02,-1.0158510e+00,-1.4915167e-01,-1.0745476e+00,4.7403700e+00,-1.4980221e+00,-1.2747063e+02,-9.9521710e-01,-6.3186523e+01,2.5409713e-01,-7.4949850e-01,-5.5691665e-01,2.5205255e-01
-1.9608512e+00,-2.6216510e+00,-3.9743748e-01,1.3364135e+00,9.3008750e+00,-2.8069022e+00,6.8865160e-01,-1.1570822e-01,1.0715940e+00,-3.2972646e+00,-1.1922526e+01,2.4094648e+00,-1.2891089e+02,7.7473290e-01,-6.2625854e+01,2.2270179e-01,-7.7039530e-01,-5.4447710e-01,2.4584483e-01
3.7349546e+00,4.1311950e+00,-5.3259015e+00,8.7942020e-01,9.2006180e+00,-3.2778118e+00,-1.3799356e-01,2.6991750e-01,-2.2019637e+00,2.8555346e+00,-5.0694227e+00,-2.0480900e+00,-1.2778123e+02,1.1844969e+00,-7.1142746e+01,2.4930643e-01,-7.7779420e-01,-5.3017336e-01,2.2759350e-01
-9.9838210e-01,1.9612701e+01,-3.8091750e+00,4.1928458e-01,9.3017730e+00,-3.0775967e+00,-3.8300437e-01,1.2499608e+00,2.0020767e-01,-1.4176667e+00,1.0310929e+01,-7.3157823e-01,-1.2282217e+02,-2.6480672e+00,-6.8891685e+01,2.9506150e-01,-7.5488130e-01,-5.3538900e-01,2.3759530e-01
7.9248077e-01,5.6096144e+00,-3.1962590e-01,7.0254856e-01,9.4747540e+00,-2.4299650e+00,-1.2627564e-01,7.7378756e-01,1.5440129e-01,8.9932200e-02,-3.8651395e+00,2.1103392e+00,-1.1671306e+02,-3.0389926e+00,-7.1190445e+01,3.1618577e-01,-7.2382260e-01,-5.4229987e-01,2.8638870e-01
1.1815386e+00,5.7460840e-02,-9.2895025e-01,1.2931682e+00,9.3367880e+00,-2.7058969e+00,5.8958200e-01,-1.5299247e-01,5.7462227e-02,-1.1162966e-01,-9.2793270e+00,1.7769465e+00,-1.1007441e+02,-1.8170632e+00,-7.4576240e+01,3.0767655e-01,-7.3708250e-01,-5.1821357e-01,3.0577672e-01
4.5645456e+00,1.6871939e+01,-2.9544450e+00,1.0835259e+00,9.2805240e+00,-2.9777884e+00,-2.5943395e-01,-5.9401250e-01,-5.1032610e-01,3.4810197e+00,7.5914150e+00,2.3343466e-02,-1.0744766e+02,-2.4673960e+00,-7.7767105e+01,3.0696937e-01,-7.4671996e-01,-5.1605110e-01,2.8613022e-01
3.3075895e+00,1.5762227e+01,-3.0119057e+00,1.2903250e+00,9.4569470e+00,-2.2518964e+00,-5.2681535e-01,-8.9228654e-01,2.5453374e-01,2.0172646e+00,6.3052797e+00,-7.6000940e-01,-1.0739597e+02,-2.5664475e+00,-6.9373190e+01,2.6355450e-01,-7.3847926e-01,-5.5095330e-01,2.8572366e-01
-2.1487960e+00,5.1834464e-01,-9.4570965e-02,1.0844238e+00,9.4704140e+00,-2.3030725e+00,2.5828454e-01,-5.8868617e-01,9.0114930e-01,-3.2332199e+00,-8.9520700e+00,2.2085013e+00,-1.0931921e+02,1.0805956e+00,-6.4455284e+01,2.3641883e-01,-7.4934850e-01,-5.6487024e-01,2.5200137e-01
-1.6340426e+00,-1.0558430e+00,-9.4570965e-01,1.5740380e+00,9.1362730e+00,-3.1968580e+00,9.6668540e-01,1.6384033e-02,2.3962004e-01,-3.2080805e+00,-1.0192117e+01,2.2511482e+00,-1.0990704e+02,2.1492124e+00,-6.7343070e+01,2.1983306e-01,-7.8400320e-01,-5.2424186e-01,2.4936497e-01
-2.0518308e+00,1.3753491e+01,-6.2392898e+00,8.5158760e-01,9.1521350e+00,-3.4180222e+00,5.8638597e-01,8.4729030e-01,-4.4427970e-01,-2.9034185e+00,4.6013565e+00,-2.8212674e+00,-1.0959266e+02,1.5134056e+00,-6.7224310e+01,2.7223456e-01,-7.7469850e-01,-5.1860183e-01,2.3829173e-01
1.5203180e+00,1.3945027e+01,-3.0873232e+00,9.6665895e-01,9.2694510e+00,-3.0514100e+00,-3.5211570e-01,8.1959020e-01,-3.8571840e-01,5.5365914e-01,4.6755767e+00,-3.5913024e-02,-1.0703535e+02,-9.3476427e-01,-6.3019750e+01,3.0738407e-01,-7.4906050e-01,-5.1689935e-01,2.7791850e-01
2.0111294e+00,-2.0087352e+00,1.8028339e+00,1.6805799e+00,9.2312940e+00,-2.8510454e+00,5.7466435e-01,1.7723577e-01,8.2974833e-01,3.3054948e-01,-1.1240028e+01,4.6538790e+00,-1.0358122e+02,-5.2614880e-01,-6.4628620e+01,2.9620117e-01,-7.4674314e-01,-5.0527894e-01,3.1517140e-01
3.0550013e+00,4.0462008e+00,-3.8833952e+00,1.5331869e+00,9.0942260e+00,-3.3336265e+00,-2.4132820e-01,-5.6418830e-01,-1.2283425e+00,1.5218145e+00,-5.0480247e+00,-5.4976857e-01,-1.0160220e+02,1.4006646e-01,-7.1362400e+01,2.9768744e-01,-7.6245975e-01,-4.9296388e-01,2.9499838e-01
6.8905125e+00,1.9612701e+01,-6.5577183e+00,1.6300025e+00,9.1905920e+00,-3.0072670e+00,-9.8914385e-01,-6.8456316e-01,4.0044674e-01,5.2605100e+00,1.0422110e+01,-3.5504515e+00,-1.0358255e+02,-1.4200327e-01,-6.6598810e+01,2.6993775e-01,-7.6187960e-01,-5.1211730e-01,2.9053238e-01
-7.5297640e-01,4.7046065e+00,-2.1799207e+00,1.4059949e+00,9.2326400e+00,-2.9918542e+00,6.6533220e-02,-7.1652110e-01,3.5677090e-01,-2.1589713e+00,-4.5280337e+00,8.1193364e-01,-1.0594508e+02,1.1431707e+00,-6.0563877e+01,2.4021293e-01,-7.7125585e-01,-5.2998980e-01,2.5801736e-01
-1.6687586e+00,-1.9081788e+00,-1.2186487e+00,1.9337668e+00,8.9558110e+00,-3.4961330e+00,5.3524476e-01,4.9399775e-02,2.8216700e-01,-3.6025255e+00,-1.0863990e+01,2.2774844e+00,-1.0776569e+02,2.1029425e+00,-5.9573826e+01,2.1502379e-01,-7.9499274e-01,-5.0396425e-01,2.6032934e-01
1.2093113e+01,1.9612701e+01,-6.3601966e+00,1.2225392e+00,8.9881320e+00,-3.7268740e+00,4.8203216e-04,1.0667273e+00,-9.2051655e-01,1.0870574e+01,1.0624569e+01,-2.6333225e+00,-1.0840945e+02,1.8597767e+00,-6.6694830e+01,2.6632920e-01,-7.8681850e-01,-4.9849910e-01,2.4796024e-01
1.6460136e+00,1.5253459e+01,-3.6918590e+00,1.1182418e+00,9.0966200e+00,-3.4885015e+00,-5.9172776e-02,9.1759026e-01,1.0533308e-01,5.2777183e-01,6.1568394e+00,-2.0335750e-01,-1.0877962e+02,-1.1581686e+00,-6.1166977e+01,3.0317180e-01,-7.6547110e-01,-4.9824760e-01,2.7182746e-01
7.7691850e-01,2.2505496e-01,6.4882870e-01,1.3259388e+00,9.2368300e+00,-3.0153475e+00,-1.6676448e-01,4.4993920e-01,6.9122850e-01,-5.4902035e-01,-9.0117750e+00,3.6641760e+00,-1.0665696e+02,-1.5714486e+00,-6.2884735e+01,3.1274417e-01,-7.4560540e-01,-5.0478830e-01,3.0241132e-01
6.0573304e-01,-1.1480197e+00,-2.3942018e-01,1.6596307e+00,8.9727200e+00,-3.5923500e+00,7.3338395e-01,-3.1492066e-01,-5.5521850e-02,-1.0538976e+00,-1.0120740e+01,3.3529298e+00,-1.0501464e+02,-3.1107030e+00,-6.8828640e+01,3.0734047e-01,-7.6726514e-01,-4.7574234e-01,3.0085784e-01
6.3530140e+00,1.9612701e+01,-7.8314340e+00,1.2433388e+00,9.0804590e+00,-3.4885015e+00,2.1784391e-02,-4.5234218e-01,6.5179240e-01,5.1096754e+00,1.0532243e+01,-4.3429320e+00,-1.0469726e+02,-5.8628836e+00,-7.0573510e+01,3.0770963e-01,-7.6365860e-01,-4.9279680e-01,2.8158796e-01
1.2330139e+00,1.2941857e+01,-4.5657425e+00,1.5278000e+00,9.1665000e+00,-3.1319150e+00,-4.6392534e-02,-8.8590480e-01,-1.1306743e-01,-2.9478610e-01,3.7753568e+00,-1.4338275e+00,-1.0640576e+02,-6.1992936e+00,-6.3871277e+01,2.6397097e-01,-7.6811457e-01,-5.1301820e-01,2.7772570e-01
-2.2924480e+00,-2.6527755e+00,-6.4523740e-01,1.8282722e+00,8.8802430e+00,-3.7374985e+00,9.7519606e-01,-2.3076716e-01,1.3506058e+00,-4.1207204e+00,-1.1533019e+01,3.0922610e+00,-1.0825807e+02,-6.1874400e+00,-6.2253513e+01,2.3299237e-01,-7.9766410e-01,-4.9154420e-01,2.6044378e-01
2.9328972e-01,4.4065280e+00,-6.8976950e+00,1.6180314e+00,8.5778265e+00,-4.4689270e+00,-1.5931056e-01,3.0506083e-01,-1.5682186e+00,-1.3247417e+00,-4.1712980e+00,-2.4287680e+00,-1.0761209e+02,-7.1096954e+00,-6.9044520e+01,2.5198220e-01,-8.1507915e-01,-4.6120697e-01,2.4380143e-01
7.6375030e-01,1.9612701e+01,-7.5680714e+00,1.0966940e+00,8.8892220e+00,-3.9936780e+00,-6.2270060e-01,1.1018786e+00,-3.9749303e-01,-3.3294368e-01,1.0723480e+01,-3.5743935e+00,-1.0581828e+02,-1.0404697e+01,-6.4608400e+01,3.0451056e-01,-7.8159350e-01,-4.7925353e-01,2.5826560e-01
1.7800890e+00,7.5836340e+00,-1.9105730e+00,1.4272435e+00,9.0813570e+00,-3.4147300e+00,-2.2642435e-01,6.8535810e-01,1.5323216e-01,3.5284550e-01,-1.4977227e+00,1.5041572e+00,-9.9897840e+01,-9.6655260e+00,-6.1150380e+01,3.1881356e-01,-7.5661063e-01,-4.8528270e-01,3.0066420e-01
6.5720840e-01,-2.6324248e+00,-9.6965170e-01,2.1776762e+00,8.8990980e+00,-3.4974797e+00,3.1579524e-01,-2.2011666e-01,-8.7517600e-02,-1.5204678e+00,-1.1531523e+01,2.5278280e+00,-9.8125630e+01,-7.6945553e+00,-6.3520890e+01,3.0123660e-01,-7.6653380e-01,-4.6343073e-01,3.2697800e-01
5.4324436e+00,1.2327744e+01,-4.9571950e+00,1.3362638e+00,8.9899280e+00,-3.6830304e+00,-1.1297686e+00,-4.1186425e-01,-1.7770270e+00,4.0961800e+00,3.3378165e+00,-1.2741642e+00,-9.6599335e+01,-6.9216757e+00,-7.0224290e+01,3.2201710e-01,-7.6425475e-01,-4.7742814e-01,2.9031363e-01
4.2844240e+00,1.7911022e+01,-5.5365915e+00,1.5119383e+00,9.1721870e+00,-3.1229367e+00,-5.2043736e-01,-5.4395705e-01,4.5044094e-01,2.7724855e+00,8.7388360e+00,-2.4136546e+00,-9.8129620e+01,-7.3737307e+00,-6.0077183e+01,2.9094958e-01,-7.5800586e-01,-5.0370854e-01,2.9504818e-01
-8.9184016e-01,1.1911154e+00,-8.9423436e-01,1.2858360e+00,9.2687025e+00,-2.9339445e+00,-5.2576363e-01,-5.2904330e-01,5.1329154e-01,-2.1776762e+00,-8.0775880e+00,2.0397103e+00,-1.0061942e+02,-5.4985642e+00,-5.6093967e+01,2.6788417e-01,-7.6014490e-01,-5.2597320e-01,2.7160656e-01
-2.1092918e+00,5.1475335e-02,-8.7388360e-01,1.5719430e+00,9.1136780e+00,-3.2616508e+00,2.2311164e-01,-1.4661820e-01,1.2229928e-01,-3.6812348e+00,-9.0622030e+00,2.3877673e+00,-1.0215590e+02,-3.8396332e+00,-5.9533516e+01,2.4372128e-01,-7.7903570e-01,-5.1397950e-01,2.6368250e-01
-2.5366566e+00,1.5093047e+01,-6.3171010e+00,6.7636200e-01,9.1341790e+00,-3.5040638e+00,7.6426595e-01,4.2542880e-01,-5.2857727e-01,-3.2130187e+00,5.9588690e+00,-2.8130374e+00,-1.0236529e+02,-3.5166595e+00,-6.0641647e+01,2.9134554e-01,-7.7056724e-01,-5.1398310e-01,2.3909280e-01
6.5361710e-01,1.4761451e+01,-3.0454245e+00,7.0658880e-01,9.3117990e+00,-2.9933507e+00,-1.3588247e-01,5.5645630e-01,-2.5267380e-01,-5.2971713e-02,5.4496520e+00,-5.2073890e-02,-1.0218838e+02,-5.2840910e+00,-5.4905990e+01,3.0927283e-01,-7.4630046e-01,-5.2585673e-01,2.6619673e-01
9.4570965e-01,-1.4413095e+00,1.4820108e+00,1.2785037e+00,9.2224650e+00,-3.0789435e+00,7.0887220e-01,2.2196329e-01,8.3176540e-01,-3.3279404e-01,-1.0663775e+01,4.5609540e+00,-1.0010321e+02,-5.2553170e+00,-5.6280050e+01,3.0345180e-01,-7.5159687e-01,-5.0783175e-01,2.9176380e-01
1.9500773e+00,9.9239660e-01,-4.7788267e+00,1.2635399e+00,8.8678240e+00,-3.9917328e+00,5.7358366e-01,-2.2438250e-01,5.0926562e-02,6.8653730e-01,-7.8754272e+00,-7.8709380e-01,-9.9370260e+01,-6.1304560e+00,-6.2734577e+01,3.0741093e-01,-7.8039473e-01,-4.7339687e-01,2.6903176e-01
6.0214170e+00,1.9612701e+01,-4.8937483e+00,1.1608886e+00,9.1593180e+00,-3.3057940e+00,-1.7550894e+00,-1.7538486e-01,4.0881760e-01,4.8605290e+00,1.0453383e+01,-1.5879543e+00,-9.9568240e+01,-6.9246950e+00,-5.8860786e+01,2.9389176e-01,-7.6300480e-01,-5.0695650e-01,2.7284910e-01
-8.0445176e-01,8.7472160e+00,-2.5893292e+00,8.7119013e-01,9.4141510e+00,-2.6045920e+00,-1.4227912e-01,-6.3238330e-01,9.4564590e-02,-1.6756419e+00,-6.6693480e-01,1.5263036e-02,-1.0053966e+02,-5.3159880e+00,-5.2859810e+01,2.7039290e-01,-7.4811890e-01,-5.4848790e-01,2.5761768e-01
-1.4113820e+00,-1.9405005e+00,-2.0518308e+00,1.3088801e+00,9.2908500e+00,-2.8522425e+00,2.4760766e-01,-1.0081636e-01,2.8950800e-01,-2.7202620e+00,-1.1231350e+01,8.0041160e-01,-1.0132924e+02,-4.8558960e+00,-5.2974728e+01,2.4042624e-01,-7.6656246e-01,-5.3775805e-01,2.5572184e-01
-6.7193270e+00,1.3553576e+01,-2.7497406e+00,4.8168346e-01,9.4204360e+00,-2.6819549e+00,-1.6155398e+00,9.4953436e-01,-1.1688390e+00,-7.2010107e+00,4.1331400e+00,-6.7785840e-02,-1.0079803e+02,-4.6075650e+00,-5.8510456e+01,2.8150237e-01,-7.4665695e-01,-5.5236700e-01,2.4114409e-01
-5.6144030e-01,1.9135656e+01,-3.5254620e+00,2.3537995e-01,9.4345020e+00,-2.6651955e+00,5.0533750e-02,8.6218270e-01,3.4916280e-01,-7.9682030e-01,9.7011560e+00,-8.6026660e-01,-1.0086036e+02,-5.0749940e+00,-5.2599003e+01,3.2035488e-01,-7.3024430e-01,-5.4636467e-01,2.5612867e-01
9.4331545e-01,3.5745432e+00,-6.2129533e-01,5.6158996e-01,9.4660750e+00,-2.4995465e+00,-1.5932174e-01,5.5112710e-01,4.4291776e-01,3.8172552e-01,-5.8915320e+00,1.8782512e+00,-9.8386696e+01,-5.0457854e+00,-5.2624886e+01,3.2917586e-01,-7.2047290e-01,-5.3917740e-01,2.8609443e-01
2.3223756e-01,1.5753847e+00,-8.1283146e-01,9.3777890e-01,9.3551930e+00,-2.7874494e+00,2.9341564e-01,-2.7551812e-01,-9.9301820e-02,-7.0554130e-01,-7.7798090e+00,1.9746178e+00,-9.7238810e+01,-5.1590047e+00,-5.6759113e+01,3.2284772e-01,-7.3340480e-01,-5.2076310e-01,2.9443634e-01
2.7341783e+00,1.8975246e+01,-4.4819455e+00,5.4333410e-01,9.3370880e+00,-2.9484594e+00,8.0687310e-01,-3.9589300e-01,4.9937680e-01,2.1908443e+00,9.6381580e+00,-1.5334862e+00,-9.6516600e+01,-7.3274360e+00,-6.0616882e+01,3.2553282e-01,-7.3780257e-01,-5.2623165e-01,2.6973322e-01
1.7681179e+00,1.6072275e+01,-4.3406878e+00,1.0061632e+00,9.4421330e+00,-2.4501662e+00,-4.3207925e-02,-7.3890820e-01,-2.4950410e-01,7.6195467e-01,6.6301430e+00,-1.8905215e+00,-9.7371460e+01,-6.1161585e+00,-5.2724342e+01,2.8392065e-01,-7.3777420e-01,-5.4504760e-01,2.7928758e-01
-1.1192893e+00,-8.3318220e-01,-2.1547815e-02,1.3780127e+00,9.3840730e+00,-2.4917655e+00,9.9537510e-02,-1.8497065e-01,1.2557145e+00,-2.4973020e+00,-1.0217256e+01,2.4702177e+00,-9.9190130e+01,-4.1145340e+00,-5.2050590e+01,2.5358957e-01,-7.5015430e-01,-5.4398790e-01,2.7755743e-01
-6.3326630e-01,6.8162923e+00,-6.9802950e+00,1.4728830e+00,9.2075010e+00,-3.0367455e+00,1.7516783e-01,4.1157424e-01,-5.0306284e-01,-2.1061492e+00,-2.3912090e+00,-3.9435494e+00,-9.9755410e+01,-4.3300896e+00,-5.6419292e+01,2.6001692e-01,-7.6630390e-01,-5.1954970e-01,2.7429510e-01
-1.1408371e+00,1.9612701e+01,-4.1527430e+00,7.4923550e-01,9.4143000e+00,-2.6415527e+00,-7.7078700e-01,6.5551980e-01,4.1839087e-01,-1.8900726e+00,1.0198401e+01,-1.5111902e+00,-9.8804210e+01,-5.3805620e+00,-5.5013718e+01,2.9752037e-01,-7.3902720e-01,-5.4100880e-01,2.6949930e-01
1.7693150e+00,1.2185289e+01,-1.7322049e+00,1.0986392e+00,9.5027360e+00,-2.1589713e+00,-6.7712470e-02,5.1277435e-01,-2.4633415e-01,6.7067575e-01,2.6825533e+00,4.2676646e-01,-9.6940970e+01,-4.1977210e+00,-5.3622314e+01,3.0646273e-01,-7.1843840e-01,-5.4242710e-01,3.0935380e-01
3.6631286e-01,-1.7992426e+00,-1.1899183e+00,1.5879543e+00,9.3535470e+00,-2.4818892e+00,7.3017060e-01,-1.5408118e-01,8.2832570e-02,-1.2216414e+00,-1.1152790e+01,1.2919711e+00,-9.7328580e+01,-4.1286920e+00,-5.6450000e+01,2.9958656e-01,-7.3265475e-01,-5.1895940e-01,3.2271683e-01
4.8614264e+00,1.5085865e+01,-1.8243817e+00,8.8166475e-01,9.2963860e+00,-2.9949968e+00,-7.5587326e-01,-5.8444800e-01,-1.9539530e+00,3.9797618e+00,5.7894790e+00,1.1706150e+00,-9.7649536e+01,-6.2491875e+00,-6.2482346e+01,3.2293700e-01,-7.4054540e-01,-5.1553870e-01,2.8552430e-01
4.1539397e+00,1.7209522e+01,-4.6315830e+00,1.2689269e+00,9.2859120e+00,-2.8863597e+00,-2.1898374e-01,-5.2479666e-01,5.1849720e-01,2.8850130e+00,7.9236107e+00,-1.7452234e+00,-9.8347420e+01,-6.4189870e+00,-5.7349490e+01,2.9034072e-01,-7.5024116e-01,-5.1984020e-01,2.8741398e-01
-4.1299978e-01,4.5214500e+00,-2.2062569e+00,1.0823288e+00,9.2286005e+00,-3.1352072e+00,2.4227574e-01,-5.9297360e-01,1.8506946e-01,-1.4953285e+00,-4.7071500e+00,9.2895025e-01,-9.9548430e+01,-6.2839227e+00,-5.5727900e+01,2.7921104e-01,-7.6281690e-01,-5.2060850e-01,2.6290432e-01
-8.2001406e-01,-2.1057005e+00,-9.0261406e-01,1.5315409e+00,8.9314190e+00,-3.7487214e+00,3.1151795e-01,-9.5495100e-02,-3.9701340e-02,-2.3515549e+00,-1.1037120e+01,2.8461072e+00,-1.0234948e+02,-7.6904163e+00,-5.9199837e+01,2.5421134e-01,-7.9152170e-01,-4.9280396e-01,2.5693250e-01
-5.2444987e+00,1.9352333e+01,-3.1555579e+00,4.0641573e-01,9.0054900e+00,-3.8607998e+00,7.2377527e-01,1.6762522e-01,-4.8223455e-02,-5.8044430e+00,1.0289082e+01,5.4767364e-01,-1.0103200e+02,-7.7418780e+00,-6.3871610e+01,2.9261866e-01,-7.7664660e-01,-5.0890080e-01,2.2850454e-01
2.7413610e-01,1.4433445e+01,-3.6212301e+00,4.1778820e-01,9.2930940e+00,-3.1037831e+00,-3.3403230e-01,7.2262800e-01,-1.4196673e-01,-1.4365210e-01,5.1403510e+00,-5.1744680e-01,-9.9468010e+01,-8.2273270e+00,-6.0037273e+01,3.2124984e-01,-7.4501050e-01,-5.2588130e-01,2.5535640e-01
8.5353290e-01,-1.8950106e+00,1.0115502e+00,9.2446110e-01,9.3109010e+00,-2.9363387e+00,2.5185913e-01,3.4019485e-01,5.9197223e-01,-7.0928220e-02,-1.1205912e+01,3.9478889e+00,-9.6401920e+01,-8.3602750e+00,-6.3068474e+01,3.2260895e-01,-7.3866610e-01,-5.1632607e-01,2.8931543e-01
2.1176715e+00,1.3156139e+00,-4.0689460e+00,1.0721534e+00,9.0774660e+00,-3.5525465e+00,4.9458895e-02,-2.5954902e-01,9.0232690e-02,1.0455179e+00,-7.7618523e+00,-5.1639940e-01,-9.3042120e+01,-8.7803910e+00,-7.0469696e+01,3.1905282e-01,-7.6113730e-01,-4.9158302e-01,2.7788803e-01
5.6598930e+00,1.9612701e+01,-3.8905778e+00,9.4181910e-01,9.3381350e+00,-2.8428152e+00,-1.1329846e+00,-1.7645839e-01,6.2712600e-01,4.7180740e+00,1.0274567e+01,-1.0477625e+00,-9.2190110e+01,-8.4110620e+00,-6.8399060e+01,3.0261780e-01,-7.4388236e-01,-5.2662486e-01,2.7879715e-01
4.6327803e-01,1.1686098e+01,-3.3087866e+00,9.7788170e-01,9.4843310e+00,-2.2937949e+00,-4.2991010e-01,-6.6115373e-01,-1.5797392e-01,-5.1460373e-01,2.2017677e+00,-1.0149919e+00,-9.0834625e+01,-5.7470603e+00,-6.5374910e+01,2.7689207e-01,-7.3503840e-01,-5.5374570e-01,2.7643323e-01
-1.0031705e+00,-3.8307226e-01,-8.6430680e-01,1.2253823e+00,9.5664820e+00,-1.7745523e+00,-3.4575420e-01,1.0264089e-01,2.8198028e-01,-2.2285528e+00,-9.9495540e+00,9.1024554e-01,-8.9197780e+01,-2.6089787e+00,-6.5183840e+01,2.4847725e-01,-7.2713923e-01,-5.7436130e-01,2.8219990e-01
-3.0897174e+00,1.7997213e+01,-1.5191209e+00,6.2758010e-01,9.6679360e+00,-1.5182232e+00,-9.6999780e-01,4.4246130e-01,-1.0346773e+00,-3.7172973e+00,8.3292780e+00,-8.9782564e-04,-8.7119340e+01,-1.2369586e-02,-6.6090360e+01,2.7928928e-01,-7.0668185e-01,-5.8782460e-01,2.7759802e-01
-2.1906945e-01,1.9612701e+01,-2.3714569e+00,4.3170450e-01,9.7010060e+00,-1.3682863e+00,-7.7611970e-01,5.3407407e-01,-4.6111833e-02,-6.5077394e-01,9.9116955e+00,-1.0031705e+00,-8.5413410e+01,4.8626380e+00,-5.8568935e+01,2.9884273e-01,-6.9314940e-01,-5.9018630e-01,2.8621170e-01
3.4835634e-01,9.7491890e+00,-5.9136784e-01,4.2497080e-01,9.7283900e+00,-1.1605892e+00,-8.5828360e-02,4.3074340e-01,6.3610405e-02,-7.6614454e-02,2.0799628e-02,5.6922144e-01,-8.6326820e+01,7.9404190e+00,-5.6809418e+01,3.0948323e-01,-6.8073010e-01,-5.9184754e-01,3.0090430e-01
2.7533319e-02,-8.2360536e-01,-6.6798230e-01,6.8818337e-01,9.6806555e+00,-1.4073417e+00,3.3814690e-01,-2.5102583e-01,-2.3892470e-01,-6.4493805e-02,-8.0011220e+00,8.1118550e-01,-8.8527730e+01,8.4706750e+00,-5.6518944e+01,3.0784222e-01,-6.8778145e-01,-5.7819295e-01,3.1286240e-01
2.0602105e+00,1.7002424e+01,-2.4109612e+00,2.5094226e-01,9.6749690e+00,-1.5819688e+00,7.0992416e-01,-2.3291634e-01,2.0848636e-01,1.8092684e+00,7.3274540e+00,-8.2899237e-01,-9.2280390e+01,7.2532296e+00,-5.9305756e+01,3.1163374e-01,-6.9536763e-01,-5.8387170e-01,2.8007504e-01
2.0554220e+00,1.5419856e+01,-1.9464860e+00,6.3416415e-01,9.7022030e+00,-1.2785037e+00,2.2096114e-01,-7.0163850e-01,-2.6134480e-01,1.4212580e+00,5.7176530e+00,-6.6798230e-01,-9.6256060e+01,7.4820733e+00,-5.2706646e+01,2.8279750e-01,-6.9656980e-01,-5.9349227e-01,2.8737298e-01
-4.9919105e-01,3.4596214e-01,-8.7986910e-01,8.7104050e-01,9.6481840e+00,-1.5239093e+00,1.2402208e-01,-6.0349360e-02,1.0744969e+00,-1.3702315e+00,-9.3022220e+00,6.4404030e-01,-9.8404724e+01,6.5368795e+00,-5.1794853e+01,2.6095850e-01,-7.1385920e-01,-5.8781034e-01,2.7710070e-01
-1.2270284e+00,5.2145715e+00,-5.9412117e+00,9.9688570e-01,9.4451260e+00,-2.4423850e+00,7.8661656e-01,1.8572672e-01,-4.2539552e-01,-2.2239141e+00,-4.2305546e+00,-3.4988265e+00,-1.0004196e+02,5.8831363e+00,-5.2484710e+01,2.7176990e-01,-7.4206585e-01,-5.5009110e-01,2.6996163e-01
-2.6408045e+00,1.9612701e+01,-5.7460840e+00,5.6218850e-01,9.3788370e+00,-2.8088474e+00,-2.3177624e-01,2.5283837e-01,-1.0155520e+00,-3.2029930e+00,1.0233866e+01,-2.9372365e+00,-1.0187618e+02,4.4775944e+00,-5.2936848e+01,3.0139863e-01,-7.4321556e-01,-5.3910744e-01,2.5720182e-01
1.3694834e+00,1.2779052e+01,-2.7521348e+00,9.0141696e-01,9.4340520e+00,-2.5207950e+00,-3.3617216e-01,4.2328070e-01,-3.1034696e-01,4.6806642e-01,3.3449990e+00,-2.3133974e-01,-1.0347778e+02,1.5004469e+00,-5.2128710e+01,3.0736223e-01,-7.3078940e-01,-5.3679264e-01,2.8866807e-01
-7.9008654e-02,-2.5486276e+00,1.5442601e-01,1.3530233e+00,9.3468140e+00,-2.6411037e+00,5.6290810e-01,-1.0083181e-01,6.6328340e-01,-1.4561236e+00,-1.1932252e+01,2.6484360e+00,-1.0352330e+02,1.0230432e+00,-5.3662518e+01,2.9444330e-01,-7.3515670e-01,-5.2786550e-01,3.0692992e-01
8.3234420e+00,1.9612701e+01,-4.0007110e+00,6.8085110e-01,9.3903580e+00,-2.7437550e+00,-1.5100964e+00,-5.2161130e-01,-2.2108000e+00,7.6425910e+00,1.0222343e+01,-1.2569559e+00,-1.0421584e+02,6.8315670e-02,-6.0821090e+01,3.1212506e-01,-7.3652300e-01,-5.3414327e-01,2.7350120e-01
5.8538230e+00,1.8969260e+01,-2.6192567e+00,1.2407950e+00,9.4023290e+00,-2.4950573e+00,-9.1887474e-01,-1.8285717e-01,8.3266050e-01,4.6130280e+00,9.5669310e+00,-1.2419921e-01,-1.0583089e+02,-4.3397420e-01,-5.4873535e+01,2.8139330e-01,-7.4028605e-01,-5.3743740e-01,2.8975102e-01
-7.0150110e-01,5.4863133e+00,-1.6029180e+00,9.7503865e-01,9.4560490e+00,-2.4085670e+00,5.1603645e-01,-6.5583456e-01,1.3491228e-01,-1.6765398e+00,-3.9697360e+00,8.0564886e-01,-1.0841016e+02,8.0444354e-01,-5.2719140e+01,2.6475770e-01,-7.4344194e-01,-5.5438364e-01,2.6430362e-01
-2.0147207e+00,-1.2102690e+00,-5.1834464e-01,1.2819453e+00,9.2143840e+00,-3.1019876e+00,5.3947230e-01,1.2393899e-01,3.3837777e-01,-3.2966661e+00,-1.0424653e+01,2.5836430e+00,-1.0980579e+02,9.6909370e-01,-5.3951267e+01,2.4987070e-01,-7.7182573e-01,-5.2613413e-01,2.5501516e-01
-1.0666169e+00,1.2522872e+01,-2.6336220e+00,5.9166710e-01,9.2166290e+00,-3.2975640e+00,1.7389557e+00,2.9757310e-01,6.6538095e-01,-1.6582840e+00,3.3062430e+00,6.6394204e-01,-1.1004892e+02,1.5173166e+00,-5.8041630e+01,2.8844002e-01,-7.6480573e-01,-5.2489270e-01,2.3740707e-01
1.4125790e+00,1.6158466e+01,-4.0043025e+00,6.7217210e-01,9.3043165e+00,-3.0244753e+00,-2.7865505e-01,6.7787250e-01,4.6085018e-01,7.4040690e-01,6.8541510e+00,-9.7982705e-01,-1.1044994e+02,2.1367912e+00,-5.3800700e+01,2.9652843e-01,-7.5251067e-01,-5.3014284e-01,2.5445497e-01
4.0701428e-01,1.6256629e+00,2.3822308e-01,1.2559084e+00,9.3200280e+00,-2.7802668e+00,1.0057907e-01,3.8812056e-01,7.3568840e-01,-6.6229606e-01,-7.7220488e+00,3.0033765e+00,-1.0926292e+02,3.2588313e+00,-5.6708477e+01,2.9882917e-01,-7.4275060e-01,-5.2686256e-01,2.8537450e-01
2.6575640e-01,1.2689269e-01,-1.1767502e+00,1.3889363e+00,9.1305880e+00,-3.2974143e+00,5.4053330e-01,-5.4931210e-01,-4.1479720e-01,-1.1231799e+00,-9.0036950e+00,2.1206641e+00,-1.0755146e+02,3.8669028e+00,-6.3320670e+01,2.8930327e-01,-7.6447520e-01,-5.0200504e-01,2.8261667e-01
3.8750155e+00,1.9612701e+01,-5.9986725e+00,5.0487727e-01,9.1605150e+00,-3.4641106e+00,6.3640710e-01,-5.0457100e-01,5.9822590e-03,3.3701382e+00,1.0452187e+01,-2.5345619e+00,-1.0959802e+02,2.9688900e+00,-6.6445080e+01,3.0724177e-01,-7.6303226e-01,-5.1502090e-01,2.4111788e-01
1.3407530e+00,1.4872781e+01,-4.7213660e+00,9.5588505e-01,9.3342440e+00,-2.8510454e+00,-4.4803610e-01,-1.1469289e+00,2.0867465e-02,3.8486794e-01,5.5385365e+00,-1.8703204e+00,-1.1223405e+02,2.0069080e+00,-5.8032322e+01,2.5000703e-01,-7.6345210e-01,-5.4411760e-01,2.4201950e-01
-1.0881647e+00,-9.6965170e-02,-1.5514427e+00,1.0993875e+00,9.2781310e+00,-2.9794345e+00,6.4356090e-02,-3.5543746e-01,1.0477824e+00,-2.1875522e+00,-9.3750950e+00,1.4279916e+00,-1.1415301e+02,4.4472030e+00,-5.4515907e+01,2.1485873e-01,-7.7829140e-01,-5.4629810e-01,2.2283769e-01
-2.4815900e+00,5.1475335e-02,-1.5897499e+00,1.2741642e+00,9.0654955e+00,-3.5161846e+00,4.8939660e-01,4.6219160e-03,8.7979120e-02,-3.7557542e+00,-9.0140200e+00,1.9264345e+00,-1.1566097e+02,5.5661670e+00,-5.8449486e+01,2.0506252e-01,-7.9826164e-01,-5.2356820e-01,2.1587992e-01
-2.0530279e+00,1.9612701e+01,-7.2604165e+00,5.8583120e-01,9.1228070e+00,-3.5497034e+00,-7.9531230e-01,3.8598657e-01,-1.1274875e+00,-2.6388593e+00,1.0489896e+01,-3.7107134e+00,-1.1586867e+02,5.8674874e+00,-5.7523388e+01,2.4568076e-01,-7.8779330e-01,-5.2732396e-01,2.0236626e-01
9.1458505e-01,1.3697228e+01,-3.3315318e+00,1.0393828e+00,9.3577380e+00,-2.7424085e+00,-3.7666340e-01,7.4711120e-01,6.4543310e-02,-1.2479776e-01,4.3394904e+00,-5.8912325e-01,-1.1458536e+02,5.2370120e+00,-5.6126667e+01,2.4823919e-01,-7.6039350e-01,-5.4646740e-01,2.4809773e-01
1.0199299e+00,-1.7286136e+00,2.8251580e-01,1.7908629e+00,9.2140860e+00,-2.8395233e+00,9.4212866e-01,6.8425584e-01,7.4307656e-01,-7.7093300e-01,-1.0942699e+01,3.1220390e+00,-1.1189095e+02,7.0596447e+00,-5.8812290e+01,2.5100990e-01,-7.6273620e-01,-5.2019143e-01,2.9090968e-01
2.0721815e+00,2.2912510e+00,-3.2501287e+00,1.8163012e+00,8.8967040e+00,-3.7038300e+00,1.7939931e-01,-2.3506737e-01,-1.1222014e+00,2.5588030e-01,-6.6054530e+00,4.5370123e-01,-1.0908186e+02,5.2218300e+00,-6.7232834e+01,2.7321163e-01,-7.8370744e-01,-4.7935040e-01,2.8527406e-01
6.3123126e+00,1.9612701e+01,-4.9500120e+00,1.7299603e+00,9.0919810e+00,-3.2421980e+00,-1.0094358e+00,-5.7169090e-01,7.0898810e-01,4.5823526e+00,1.0520720e+01,-1.7078140e+00,-1.1110930e+02,2.6427715e+00,-6.5987590e+01,2.5422010e-01,-7.7503190e-01,-5.0631930e-01,2.7989027e-01
-2.2984336e-01,4.9416323e+00,-1.9129672e+00,1.4788685e+00,9.2306950e+00,-2.9623756e+00,8.9917110e-02,-8.6250810e-01,1.4435665e-02,-1.7087119e+00,-4.2890625e+00,1.0494086e+00,-1.1216277e+02,3.3208027e+00,-6.0012764e+01,2.2561635e-01,-7.7468413e-01,-5.3389400e-01,2.5282255e-01
-2.0494366e+00,-1.6675615e+00,-1.4616601e+00,1.7548002e+00,8.9701760e+00,-3.5532947e+00,3.5729846e-01,-3.2454960e-01,1.5718110e-01,-3.8042370e+00,-1.0637737e+01,2.0916345e+00,-1.1289822e+02,2.2858460e+00,-6.0050880e+01,1.9656524e-01,-8.0157600e-01,-5.1238644e-01,2.3727241e-01
-2.3906105e+00,1.9612701e+01,-4.2281604e+00,8.8779990e-01,9.0201550e+00,-3.7442322e+00,3.6368874e-01,5.9796834e-01,-4.2126680e-01,-3.2784102e+00,1.0592546e+01,-4.8392802e-01,-1.1358820e+02,7.4738100e-01,-6.2779713e+01,2.4052468e-01,-7.9564150e-01,-5.1386570e-01,2.1223749e-01
1.7405846e+00,1.6585833e+01,-2.5151088e+00,1.0037690e+00,9.2742400e+00,-3.0247746e+00,-5.0769760e-01,1.1614932e+00,1.7102021e-01,7.3681560e-01,7.3115926e+00,5.0966567e-01,-1.1195274e+02,-1.1991644e+00,-5.8824880e+01,2.7056146e-01,-7.6224375e-01,-5.2977026e-01,2.5519500e-01
8.2599956e-01,-1.4077905e+00,1.0881647e+00,1.3570634e+00,9.3888620e+00,-2.4854805e+00,1.7300640e-01,4.7013660e-01,4.5544583e-01,-5.3106385e-01,-1.0796653e+01,3.5736454e+00,-1.0855869e+02,-1.6146865e+00,-6.1516304e+01,2.8250498e-01,-7.3953230e-01,-5.3367900e-01,2.9743865e-01
5.0757074e-01,-2.5019407e-01,-5.7101710e-01,1.3637972e+00,9.2293480e+00,-3.0213330e+00,7.1522600e-01,-2.1695894e-01,9.9647500e-02,-8.5622640e-01,-9.4795430e+00,2.4503157e+00,-1.0686221e+02,-2.2254300e+00,-6.6738380e+01,2.8872088e-01,-7.5543650e-01,-5.1282320e-01,2.8804220e-01
5.2002063e+00,1.6528372e+01,-4.2652700e+00,1.0513538e+00,9.3240690e+00,-2.8504467e+00,-2.4244672e-01,-4.1083708e-01,2.6582876e-01,4.1488523e+00,7.2043030e+00,-1.4148235e+00,-1.0557912e+02,-5.1066647e+00,-6.6642600e+01,2.8542990e-01,-7.5090640e-01,-5.2946420e-01,2.7264827e-01
4.8243165e-01,1.3680469e+01,-3.7014358e+00,9.9778354e-01,9.4687680e+00,-2.3487120e+00,-9.1181310e-02,-8.3800995e-01,-5.0571296e-02,-5.1535190e-01,4.2117000e+00,-1.3527240e+00,-1.0576087e+02,-6.5721480e+00,-6.0424377e+01,2.5610852e-01,-7.4441480e-01,-5.5886644e-01,2.6062100e-01
-8.1402856e-01,-1.3000516e+00,-5.8298814e-01,1.2268788e+00,9.4579940e+00,-2.2824223e+00,2.0709273e-01,-2.2867872e-01,8.4851190e-01,-2.0409074e+00,-1.0758046e+01,1.6994343e+00,-1.0775677e+02,-7.4521920e+00,-5.8396427e+01,2.2704500e-01,-7.5154483e-01,-5.6494397e-01,2.5390822e-01
-2.9939492e+00,6.8593880e-01,-1.4437037e+00,1.0657190e+00,9.3008750e+00,-2.9201780e+00,6.6409117e-01,1.7612177e-01,-1.1874822e-01,-4.0596680e+00,-8.6149360e+00,1.4764743e+00,-1.0776238e+02,-1.0295490e+01,-6.0713530e+01,2.3717971e-01,-7.6982296e-01,-5.4274160e-01,2.3780301e-01
-3.9360676e+00,1.9612701e+01,-5.2109800e+00,1.6714521e-01,9.2676550e+00,-3.2019455e+00,-3.9371640e-01,6.2033700e-01,-6.7481625e-01,-4.1032130e+00,1.0345046e+01,-2.0090344e+00,-1.0616915e+02,-1.6218430e+01,-5.6739456e+01,2.8891420e-01,-7.6143044e-01,-5.3875816e-01,2.1562070e-01
5.0158525e-01,1.3816938e+01,-2.5929205e+00,5.2552730e-01,9.4177420e+00,-2.6833014e+00,-2.1475199e-01,8.1421520e-01,-3.6695483e-01,-2.3942016e-02,4.3991960e+00,9.0381116e-02,-1.0372004e+02,-1.8788746e+01,-5.5130566e+01,3.0636920e-01,-7.3684580e-01,-5.4271490e-01,2.6202455e-01
9.8641110e-01,-2.5414450e+00,5.2433020e-01,1.1028291e+00,9.2706480e+00,-3.0015807e+00,1.0241492e+00,1.6546778e-01,6.8658210e-01,-1.1641806e-01,-1.1812094e+01,3.5259109e+00,-1.0402958e+02,-1.9077335e+01,-5.6735100e+01,3.0773118e-01,-7.4721770e-01,-5.1434760e-01,2.8707800e-01
8.6550390e-01,1.0281899e+01,-3.0897174e+00,8.4904380e-01,9.0381120e+00,-3.7093666e+00,-2.8506076e-01,-3.8527393e-01,-1.5451468e+00,1.6460137e-02,1.2437878e+00,6.1964935e-01,-1.0519453e+02,-2.0439243e+01,-6.1669270e+01,3.2049380e-01,-7.6577264e-01,-4.9194330e-01,2.6242697e-01
4.5872903e+00,1.8551472e+01,-4.7345340e+00,1.2780548e+00,9.2498480e+00,-2.9960442e+00,-8.7415200e-01,-6.3774157e-01,2.1040890e-01,3.3092356e+00,9.3016230e+00,-1.7384897e+00,-1.0480304e+02,-2.0326010e+01,-5.4459473e+01,2.8188372e-01,-7.5716200e-01,-5.1890890e-01,2.7925095e-01
-6.9431850e-02,4.4520183e+00,-2.0961237e+00,1.0902596e+00,9.2702000e+00,-3.0071173e+00,4.9432263e-02,-8.8488290e-01,1.3477513e-01,-1.1596915e+00,-4.8181815e+00,9.1099375e-01,-1.0637763e+02,-1.8169964e+01,-5.3058678e+01,2.6140615e-01,-7.6484257e-01,-5.3109760e-01,2.5420090e-01
-2.2325930e+00,-2.0793640e+00,-1.8435353e+00,1.3217490e+00,9.0590610e+00,-3.5152867e+00,4.4038430e-01,-3.8420865e-01,3.3291432e-01,-3.5543420e+00,-1.1138425e+01,1.6717514e+00,-1.1187503e+02,-1.7618711e+01,-5.4485850e+01,2.2984490e-01,-7.9145170e-01,-5.1539590e-01,2.3482502e-01
-7.1107790e-01,1.9612701e+01,-3.5278560e+00,5.2133745e-01,9.1485440e+00,-3.4931402e+00,-1.8706070e-01,4.7545627e-01,-6.3544166e-01,-1.2324153e+00,1.0464158e+01,-3.4715924e-02,-1.1185112e+02,-1.5165416e+01,-5.8855460e+01,2.6678810e-01,-7.7905345e-01,-5.2543217e-01,2.1405874e-01
1.4365210e-01,1.6358383e+01,-4.1156325e+00,5.6473230e-01,9.1817640e+00,-3.3981204e+00,-1.4871117e-01,1.1135497e+00,2.7003310e-01,-4.2108023e-01,7.1766195e+00,-7.1751230e-01,-1.0898065e+02,-1.2512174e+01,-5.4599285e+01,2.9394170e-01,-7.6605970e-01,-5.2010417e-01,2.3715532e-01
1.4784195e+00,1.2737153e+00,3.8307226e-01,1.0546459e+00,9.2537390e+00,-3.0699651e+00,-1.7960384e-01,5.9157010e-01,6.0133034e-01,4.2377370e-01,-7.9800240e+00,3.4530375e+00,-1.0676605e+02,-8.8901380e+00,-5.7828762e+01,3.0231953e-01,-7.5174960e-01,-5.1548684e-01,2.7883470e-01
9.8760820e-01,3.7708676e-01,-5.1714754e-01,1.4588170e+00,9.1198140e+00,-3.2969654e+00,3.1041780e-01,-2.4040142e-01,4.5262290e-02,-4.7120880e-01,-8.7427260e+00,2.7798178e+00,-1.0429146e+02,-5.8630905e+00,-6.5495610e+01,2.9137040e-01,-7.6367354e-01,-4.9906787e-01,2.8781470e-01
5.4240640e+00,1.4638149e+01,-5.5725045e+00,9.7892920e-01,9.2070520e+00,-3.2311249e+00,4.2972740e-01,-2.3933615e-01,7.6538104e-01,4.4451346e+00,5.4310970e+00,-2.3413796e+00,-1.0324999e+02,-2.7798560e+00,-6.9239200e+01,2.9704165e-01,-7.5927870e-01,-5.1389300e-01,2.6678836e-01
1.5514427e+00,1.5837645e+01,-4.1970360e+00,1.1752537e+00,9.4581440e+00,-2.3089082e+00,-3.9478594e-01,-8.4227480e-01,-1.0279988e-01,3.7618893e-01,6.3795000e+00,-1.8881273e+00,-1.0398613e+02,1.2743784e+00,-6.2092266e+01,2.5632265e-01,-7.4297610e-01,-5.5515903e-01,2.7218342e-01
-1.6340426e+00,-2.0123265e+00,-1.4018050e+00,1.3373113e+00,9.4639800e+00,-2.1942859e+00,-1.9664675e-01,-7.4219100e-02,9.8590034e-01,-2.9713540e+00,-1.1476307e+01,7.9248077e-01,-1.0581198e+02,3.6964386e+00,-6.0626804e+01,2.2821040e-01,-7.4819520e-01,-5.6459950e-01,2.6334676e-01
-2.4301147e+00,4.7022123e+00,-4.8303020e+00,1.2279263e+00,9.3673140e+00,-2.6298810e+00,2.6248223e-01,3.6999616e-01,-5.5340670e-01,-3.6580410e+00,-4.6651020e+00,-2.2004210e+00,-1.0622900e+02,5.5443980e+00,-6.3605240e+01,2.4567002e-01,-7.5744754e-01,-5.4626680e-01,2.5983098e-01
-2.4277205e+00,1.9612701e+01,-4.3406878e+00,3.7618893e-01,9.3762920e+00,-2.8482022e+00,-6.3809340e-04,4.3284675e-01,2.3275842e-01,-2.8039095e+00,1.0236409e+01,-1.4924855e+00,-1.0424969e+02,6.6057100e+00,-6.3152060e+01,2.9229262e-01,-7.4818150e-01,-5.4566920e-01,2.3881930e-01
9.6127200e-01,1.1143812e+01,-1.3275849e+00,6.5122290e-01,9.5233860e+00,-2.2475570e+00,-1.4125300e-01,3.8171408e-01,-1.3475782e-01,3.1004912e-01,1.6204256e+00,9.1997200e-01,-1.0271389e+02,5.6342470e+00,-6.3551785e+01,2.9828566e-01,-7.2499377e-01,-5.5666710e-01,2.7483016e-01
3.1364042e-01,-1.9177556e+00,-9.6366620e-01,1.2110171e+00,9.3825770e+00,-2.5828948e+00,8.3984673e-01,-2.2975570e-01,1.9753838e-01,-8.9737670e-01,-1.1300333e+01,1.6192285e+00,-1.0099528e+02,6.8408265e+00,-6.6499030e+01,2.8565872e-01,-7.4167550e-01,-5.3375290e-01,2.8883278e-01
5.0601454e+00,1.4069527e+01,-3.3518825e+00,6.5765727e-01,9.2353330e+00,-3.2317233e+00,-7.0585190e-01,-3.8954535e-01,-2.1343255e+00,4.4024880e+00,4.8341923e+00,-1.2015900e-01,-1.0024364e+02,4.6225286e+00,-7.2355830e+01,3.0450594e-01,-7.5633790e-01,-5.2037674e-01,2.5384533e-01
4.8207250e+00,1.7780539e+01,-4.4268790e+00,1.0468647e+00,9.3249660e+00,-2.8492496e+00,-1.1127830e+00,-5.5572660e-01,4.5000604e-01,3.7738605e+00,8.4555720e+00,-1.5776293e+00,-1.0086081e+02,4.2204084e+00,-6.7713066e+01,2.7205673e-01,-7.5581443e-01,-5.3438880e-01,2.6297990e-01
-3.3997664e-01,3.5853171e+00,-1.2054806e+00,9.9613756e-01,9.3448690e+00,-2.8019643e+00,2.6673448e-01,-8.5400060e-01,4.3722287e-01,-1.3361142e+00,-5.7595515e+00,1.5964836e+00,-1.0151704e+02,6.5803547e+00,-6.4033000e+01,2.3785923e-01,-7.6568850e-01,-5.4870140e-01,2.3679292e-01
-1.4269443e+00,-1.1611878e-01,-1.2222400e+00,1.4829087e+00,9.0596590e+00,-3.4483986e+00,5.5542120e-01,-4.2269160e-02,2.9660797e-01,-2.9098530e+00,-9.1757780e+00,2.2261586e+00,-1.0308348e+02,6.4051585e+00,-6.5709670e+01,2.0863234e-01,-7.9516643e-01,-5.2015520e-01,2.3156334e-01
-2.3738510e+00,1.7383100e+01,-6.4427967e+00,6.9252280e-01,8.9342630e+00,-3.9836524e+00,1.0773996e+00,6.9595830e-01,-8.1340450e-01,-3.0663738e+00,8.4488380e+00,-2.4591444e+00,-1.0266325e+02,5.3159930e+00,-6.8876840e+01,2.6170328e-01,-7.9662716e-01,-5.0297105e-01,2.0956343e-01
2.4732103e+00,1.2971785e+01,-3.1699230e+00,1.0108020e+00,9.1389675e+00,-3.4099417e+00,-4.5658112e-01,1.3052895e+00,4.1484540e-01,1.4624083e+00,3.8328176e+00,2.4001873e-01,-1.0124355e+02,3.7043023e+00,-6.4536270e+01,2.9134800e-01,-7.6744600e-01,-5.0838990e-01,2.6015922e-01
5.9855044e-02,-2.0590134e+00,2.1547815e-01,1.3985131e+00,9.2142350e+00,-3.0514100e+00,2.0657342e-02,2.8476623e-01,3.7862640e-01,-1.3386580e+00,-1.1273249e+01,3.2668881e+00,-9.5880930e+01,4.9275947e+00,-6.6802580e+01,2.9740137e-01,-7.5307980e-01,-5.0732460e-01,2.9503390e-01
5.6263740e-01,-9.5528650e-01,-1.5119383e+00,1.4211084e+00,8.9457850e+00,-3.7579990e+00,6.9390446e-01,-3.3415240e-01,3.4986427e-01,-8.5847100e-01,-9.9010720e+00,2.2460604e+00,-9.3589180e+01,5.6674824e+00,-7.1386350e+01,2.9679593e-01,-7.7685934e-01,-4.8124808e-01,2.7713192e-01
5.8167130e+00,1.8630480e+01,-7.5692687e+00,1.0928035e+00,9.0153670e+00,-3.7012860e+00,2.0657342e-02,-4.5239675e-01,6.2044144e-01,4.7239094e+00,9.6151140e+00,-3.8679824e+00,-9.4618270e+01,4.5680294e+00,-7.2739136e+01,2.9399353e-01,-7.7606320e-01,-4.9417633e-01,2.5900516e-01
